"local area","local area",0
-86.0022144623824,1.45673466814881
-84.7666682,3.049999
-84.3166713,3.5333309
-84.316669721,3.641310459
-84.3166513155426,3.64137877408122
-84.316643964949,3.64140609100438
-84.3166366186462,3.64143340908177
-84.3166292766343,3.64146072831272
-84.3166219389136,3.64148804869656
-84.3166146054843,3.64151537023261
-84.3166072763465,3.64154269292019
-84.3165999515004,3.64157001675864
-84.3165926309462,3.64159734174728
-84.316585314684,3.64162466788543
-84.3165780027142,3.64165199517242
-84.3165706950367,3.64167932360758
-84.3165633916519,3.64170665319023
-84.3165560925598,3.6417339839197
-84.3165487977608,3.64176131579532
-84.3165415072549,3.6417886488164
-84.3165342210423,3.64181598298227
-84.3165269391232,3.64184331829227
-84.3165196614979,3.64187065474571
-84.3165123881664,3.64189799234193
-84.3165051191289,3.64192533108024
-84.3164978543857,3.64195267095998
-84.3164905939369,3.64198001198046
-84.3164833377827,3.64200735414102
-84.3164760859233,3.64203469744097
-84.3164688383588,3.64206204187965
-84.3164615950894,3.64208938745638
-84.3164543561153,3.64211673417049
-84.3164471214367,3.64214408202129
-84.3164398910538,3.64217143100813
-84.3164326649668,3.64219878113031
-84.3164254431757,3.64222613238717
-84.3164182256808,3.64225348477803
-84.3164110124823,3.64228083830222
-84.3164038035804,3.64230819295906
-84.3163965989752,3.64233554874787
-84.3163893986669,3.64236290566799
-84.3163822026557,3.64239026371874
-84.3163750109418,3.64241762289943
-84.3163678235253,3.64244498320941
-84.3163606404064,3.64247234464799
-84.3163534615853,3.64249970721449
-84.3163462870622,3.64252707090825
-84.3163391168372,3.64255443572858
-84.3163319509106,3.64258180167481
-84.3163247892824,3.64260916874627
-84.316317631953,3.64263653694229
-84.3163104789224,3.64266390626218
-84.3163033301908,3.64269127670527
-84.3162961857585,3.64271864827088
-84.3162890456255,3.64274602095835
-84.3162819097921,3.64277339476699
-84.3162747782585,3.64280076969613
-84.3162676510247,3.64282814574509
-84.316260528091,3.64285552291321
-84.3162534094576,3.6428829011998
-84.3162462951247,3.64291028060418
-84.3162391850924,3.64293766112569
-84.3162320793608,3.64296504276364
-84.3162249779302,3.64299242551737
-84.3162178808008,3.64301980938619
-84.3162107879727,3.64304719436944
-84.3162036994461,3.64307458046642
-84.3161966152211,3.64310196767648
-84.316189535298,3.64312935599893
-84.3161824596769,3.6431567454331
-84.316175388358,3.64318413597831
-84.3161683213415,3.64321152763388
-84.3161612586275,3.64323892039915
-84.3161542002162,3.64326631427343
-84.3161471461078,3.64329370925605
-84.3161400963025,3.64332110534633
-84.3161330508004,3.6433485025436
-84.3161260096017,3.64337590084718
-84.3161189727066,3.64340330025639
-84.3161119401153,3.64343070077056
-84.3161049118279,3.64345810238902
-84.3160978878446,3.64348550511108
-84.3160908681656,3.64351290893608
-84.316083852791,3.64354031386333
-84.316076841721,3.64356771989215
-84.3160698349559,3.64359512702188
-84.3160628324957,3.64362253525184
-84.3160558343407,3.64364994458135
-84.316048840491,3.64367735500973
-84.3160418509467,3.64370476653631
-84.3160348657082,3.64373217916041
-84.3160278847754,3.64375959288135
-84.3160209081487,3.64378700769846
-84.3160139358282,3.64381442361107
-84.316006967814,3.64384184061849
-84.3160000041063,3.64386925872005
-84.3159930447053,3.64389667791508
-84.3159860896112,3.64392409820289
-84.3159791388241,3.64395151958281
-84.3159721923442,3.64397894205416
-84.3159652501717,3.64400636561628
-84.3159583123068,3.64403379026847
-84.3159513787495,3.64406121601006
-84.3159444495002,3.64408864284039
-84.3159375245589,3.64411607075876
-84.3159306039259,3.64414349976451
-84.3159236876013,3.64417092985695
-84.3159167755852,3.64419836103542
-84.3159098678779,3.64422579329923
-84.3159029644795,3.6442532266477
-84.3158960653902,3.64428066108017
-84.3158891706102,3.64430809659595
-84.3158822801396,3.64433553319436
-84.3158753939786,3.64436297087474
-84.3158685121273,3.6443904096364
-84.315861634586,3.64441784947866
-84.3158547613548,3.64444529040085
-84.3158478924339,3.64447273240229
-84.3158410278234,3.64450017548231
-84.3158341675235,3.64452761964022
-84.3158273115345,3.64455506487536
-84.3158204598563,3.64458251118704
-84.3158136124893,3.64460995857458
-84.3158067694336,3.64463740703732
-84.3157999306894,3.64466485657456
-84.3157930962568,3.64469230718564
-84.3157862661359,3.64471975886988
-84.3157794403271,3.64474721162659
-84.3157726188304,3.64477466545511
-84.3157658016459,3.64480212035476
-84.315758988774,3.64482957632485
-84.3157521802147,3.64485703336471
-84.3157453759682,3.64488449147367
-84.3157385760347,3.64491195065104
-84.3157317804143,3.64493941089615
-84.3157249891072,3.64496687220832
-84.3157182021136,3.64499433458688
-84.3157114194337,3.64502179803114
-84.3157046410675,3.64504926254043
-84.3156978670154,3.64507672811407
-84.3156910972774,3.64510419475138
-84.3156843318537,3.64513166245169
-84.3156775707445,3.64515913121431
-84.3156708139499,3.64518660103858
-84.3156640614702,3.6452140719238
-84.3156573133054,3.64524154386931
-84.3156505694558,3.64526901687443
-84.3156438299215,3.64529649093848
-84.3156370947027,3.64532396606078
-84.3156303637995,3.64535144224065
-84.3156236372122,3.64537891947742
-84.3156169149408,3.6454063977704
-84.3156101969855,3.64543387711893
-84.3156034833466,3.64546135752231
-84.3155967740242,3.64548883897988
-84.3155900690184,3.64551632149096
-84.3155833683294,3.64554380505486
-84.3155766719573,3.64557128967092
-84.3155699799024,3.64559877533844
-84.3155632921649,3.64562626205676
-84.3155566087447,3.64565374982519
-84.3155499296423,3.64568123864306
-84.3155432548576,3.64570872850969
-84.3155365843908,3.64573621942439
-84.3155299182422,3.6457637113865
-84.3155232564119,3.64579120439534
-84.3155165989001,3.64581869845022
-84.3155099457069,3.64584619355047
-84.3155032968324,3.64587368969541
-84.3154966522769,3.64590118688435
-84.3154900120405,3.64592868511664
-84.3154833761234,3.64595618439157
-84.3154767445257,3.64598368470848
-84.3154701172476,3.64601118606669
-84.3154634942893,3.64603868846551
-84.315456875651,3.64606619190428
-84.3154502613327,3.6460936963823
-84.3154436513346,3.64612120189891
-84.315437045657,3.64614870845343
-84.3154304443,3.64617621604517
-84.3154238472637,3.64620372467345
-84.3154172545484,3.64623123433761
-84.3154106661541,3.64625874503695
-84.315404082081,3.64628625677081
-84.3153975023293,3.6463137695385
-84.3153909268992,3.64634128333934
-84.3153843557908,3.64636879817265
-84.3153777890043,3.64639631403776
-84.3153712265398,3.64642383093399
-84.3153646683976,3.64645134886065
-84.3153581145777,3.64647886781708
-84.3153515650803,3.64650638780258
-84.3153450199057,3.64653390881649
-84.3153384790538,3.64656143085812
-84.315331942525,3.64658895392679
-84.3153254103194,3.64661647802182
-84.3153188824371,3.64664400314254
-84.3153123588783,3.64667152928827
-84.3153058396432,3.64669905645832
-84.3152993247319,3.64672658465202
-84.3152928141445,3.64675411386869
-84.3152863078813,3.64678164410765
-84.3152798059424,3.64680917536822
-84.315273308328,3.64683670764972
-84.3152668150382,3.64686424095147
-84.3152603260732,3.64689177527279
-84.3152538414331,3.64691931061301
-84.3152473611181,3.64694684697144
-84.3152408851284,3.64697438434741
-84.3152344134641,3.64700192274023
-84.3152279461254,3.64702946214922
-84.3152214831124,3.64705700257371
-84.3152150244253,3.64708454401302
-84.3152085700643,3.64711208646646
-84.3152021200295,3.64713962993337
-84.3151956743211,3.64716717441305
-84.3151892329392,3.64719471990483
-84.315182795884,3.64722226640802
-84.3151763631557,3.64724981392196
-84.3151699347544,3.64727736244596
-84.3151635106803,3.64730491197934
-84.3151570909334,3.64733246252141
-84.3151506755141,3.64736001407151
-84.3151442644224,3.64738756662895
-84.3151378576586,3.64741512019305
-84.3151314552227,3.64744267476313
-84.3151250571149,3.64747023033851
-84.3151186633354,3.64749778691852
-84.3151122738843,3.64752534450247
-84.3151058887618,3.64755290308967
-84.3150995079681,3.64758046267946
-84.3150931315033,3.64760802327116
-84.3150867593676,3.64763558486407
-84.3150803915611,3.64766314745753
-84.3150740280839,3.64769071105085
-84.3150676689363,3.64771827564335
-84.3150613141184,3.64774584123435
-84.3150549636304,3.64777340782317
-84.3150486174724,3.64780097540914
-84.3150422756445,3.64782854399157
-84.3150359381469,3.64785611356978
-84.3150296049799,3.64788368414309
-84.3150232761434,3.64791125571082
-84.3150169516378,3.64793882827229
-84.3150106314631,3.64796640182683
-84.3150043156195,3.64799397637374
-84.3149980041071,3.64802155191236
-84.3149916969262,3.64804912844199
-84.3149853940769,3.64807670596196
-84.3149790955592,3.6481042844716
-84.3149728013735,3.64813186397021
-84.3149665115198,3.64815944445712
-84.3149602259982,3.64818702593164
-84.3149539448091,3.64821460839311
-84.3149476679524,3.64824219184083
-84.3149413954284,3.64826977627412
-84.3149351272372,3.64829736169232
-84.3149288633789,3.64832494809473
-84.3149226038538,3.64835253548067
-84.314916348662,3.64838012384946
-84.3149100978035,3.64840771320043
-84.3149038512787,3.64843530353289
-84.3148976090876,3.64846289484617
-84.3148913712304,3.64849048713957
-84.3148851377072,3.64851808041243
-84.3148789085183,3.64854567466405
-84.3148726836637,3.64857326989377
-84.3148664631435,3.64860086610089
-84.3148602469581,3.64862846328474
-84.3148540351075,3.64865606144463
-84.3148478275918,3.64868366057989
-84.3148416244113,3.64871126068984
-84.314835425566,3.64873886177379
-84.3148292310561,3.64876646383106
-84.3148230408819,3.64879406686097
-84.3148168550433,3.64882167086284
-84.3148106735407,3.648849275836
-84.3148044963741,3.64887688177975
-84.3147983235436,3.64890448869342
-84.3147921550495,3.64893209657632
-84.3147859908919,3.64895970542778
-84.314779831071,3.64898731524712
-84.3147736755868,3.64901492603365
-84.3147675244396,3.64904253778669
-84.3147613776295,3.64907015050556
-84.3147552351566,3.64909776418957
-84.3147490970212,3.64912537883806
-84.3147429632233,3.64915299445033
-84.3147368337631,3.64918061102571
-84.3147307086408,3.64920822856352
-84.3147245878564,3.64923584706306
-84.3147184714103,3.64926346652367
-84.3147123593024,3.64929108694466
-84.314706251533,3.64931870832534
-84.3147001481023,3.64934633066504
-84.3146940490103,3.64937395396308
-84.3146879542572,3.64940157821877
-84.3146818638431,3.64942920343143
-84.3146757777683,3.64945682960039
-84.3146696960328,3.64948445672495
-84.3146636186369,3.64951208480444
-84.3146575455806,3.64953971383818
-84.3146514768641,3.64956734382548
-84.3146454124876,3.64959497476567
-84.3146393524512,3.64962260665805
-84.3146332967551,3.64965023950196
-84.3146272453994,3.6496778732967
-84.3146211983842,3.6497055080416
-84.3146151557098,3.64973314373597
-84.3146091173762,3.64976078037913
-84.3146030833836,3.64978841797041
-84.3145970537322,3.64981605650911
-84.3145910284221,3.64984369599456
-84.3145850074534,3.64987133642607
-84.3145789908264,3.64989897780297
-84.3145729785411,3.64992662012457
-84.3145669705977,3.64995426339019
-84.3145609669963,3.64998190759914
-84.3145549677372,3.65000955275075
-84.3145489728203,3.65003719884433
-84.314542982246,3.6500648458792
-84.3145369960143,3.65009249385468
-84.3145310141254,3.65012014277009
-84.3145250365795,3.65014779262474
-84.3145190633766,3.65017544341795
-84.314513094517,3.65020309514904
-84.3145071300007,3.65023074781733
-84.314501169828,3.65025840142214
-84.3144952139989,3.65028605596278
-84.3144892625137,3.65031371143857
-84.3144833153724,3.65034136784883
-84.3144773725752,3.65036902519288
-84.3144714341223,3.65039668347003
-84.3144655000138,3.6504243426796
-84.3144595702498,3.65045200282091
-84.3144536448306,3.65047966389327
-84.3144477237562,3.65050732589602
-84.3144418070267,3.65053498882845
-84.3144358946425,3.65056265268989
-84.3144299866035,3.65059031747966
-84.3144240829099,3.65061798319708
-84.3144181835619,3.65064564984145
-84.3144122885596,3.65067331741211
-84.3144063979032,3.65070098590836
-84.3144005115928,3.65072865532953
-84.3143946296285,3.65075632567493
-84.3143887520106,3.65078399694387
-84.3143828787391,3.65081166913568
-84.3143770098142,3.65083934224968
-84.314371145236,3.65086701628518
-84.3143652850047,3.65089469124149
-84.3143594291204,3.65092236711794
-84.3143535775833,3.65095004391384
-84.3143477303935,3.65097772162851
-84.3143418875512,3.65100540026127
-84.3143360490564,3.65103307981143
-84.3143302149094,3.65106076027831
-84.3143243851103,3.65108844166123
-84.3143185596593,3.6511161239595
-84.3143127385564,3.65114380717245
-84.3143069218018,3.65117149129939
-84.3143011093957,3.65119917633963
-84.3142953013382,3.65122686229249
-84.3142894976295,3.6512545491573
-84.3142836982696,3.65128223693336
-84.3142779032588,3.65130992561999
-84.3142721125972,3.65133761521652
-84.3142663262849,3.65136530572225
-84.314260544322,3.65139299713651
-84.3142547667088,3.6514206894586
-84.3142489934453,3.65144838268786
-84.3142432245317,3.65147607682359
-84.3142374599682,3.65150377186511
-84.3142316997548,3.65153146781174
-84.3142259438917,3.6515591646628
-84.3142201923791,3.65158686241759
-84.3142144452171,3.65161456107545
-84.3142087024059,3.65164226063568
-84.3142029639455,3.6516699610976
-84.3141972298362,3.65169766246052
-84.314191500078,3.65172536472378
-84.3141857746712,3.65175306788667
-84.3141800536158,3.65178077194852
-84.314174336912,3.65180847690865
-84.3141686245599,3.65183618276636
-84.3141629165598,3.65186388952099
-84.3141572129116,3.65189159717183
-84.3141515136156,3.65191930571822
-84.3141458186719,3.65194701515946
-84.3141401280806,3.65197472549488
-84.3141344418419,3.65200243672378
-84.3141287599559,3.65203014884549
-84.3141230824228,3.65205786185932
-84.3141174092427,3.65208557576459
-84.3141117404157,3.65211329056061
-84.314106075942,3.65214100624671
-84.3141004158217,3.65216872282219
-84.314094760055,3.65219644028637
-84.314089108642,3.65222415863857
-84.3140834615828,3.65225187787811
-84.3140778188776,3.65227959800429
-84.3140721805265,3.65230731901645
-84.3140665465297,3.65233504091389
-84.3140609168873,3.65236276369593
-84.3140552915994,3.65239048736188
-84.3140496706661,3.65241821191106
-84.3140440540877,3.6524459373428
-84.3140384418642,3.65247366365639
-84.3140328339959,3.65250139085117
-84.3140272304827,3.65252911892644
-84.3140216313249,3.65255684788152
-84.3140160365226,3.65258457771573
-84.314010446076,3.65261230842838
-84.3140048599851,3.65264004001879
-84.3139992782502,3.65266777248627
-84.3139937008713,3.65269550583015
-84.3139881278486,3.65272324004973
-84.3139825591822,3.65275097514433
-84.3139769948723,3.65277871111328
-84.313971434919,3.65280644795587
-84.3139658793224,3.65283418567144
-84.3139603280827,3.65286192425928
-84.3139547812001,3.65288966371873
-84.3139492386745,3.6529174040491
-84.3139437005063,3.65294514524969
-84.3139381666955,3.65297288731984
-84.3139326372423,3.65300063025885
-84.3139271121467,3.65302837406603
-84.313921591409,3.65305611874071
-84.3139160750293,3.6530838642822
-84.3139105630076,3.65311161068981
-84.3139050553443,3.65313935796286
-84.3138995520392,3.65316710610067
-84.3138940530928,3.65319485510255
-84.3138885585049,3.65322260496782
-84.3138830682759,3.65325035569579
-84.3138775824057,3.65327810728577
-84.3138721008946,3.65330585973709
-84.3138666237428,3.65333361304906
-84.3138611509502,3.65336136722099
-84.3138556825171,3.65338912225219
-84.3138502184436,3.653416878142
-84.3138447587298,3.65344463488971
-84.3138393033759,3.65347239249464
-84.313833852382,3.65350015095611
-84.3138284057483,3.65352791027344
-84.3138229634748,3.65355567044594
-84.3138175255617,3.65358343147292
-84.3138120920091,3.6536111933537
-84.3138066628173,3.6536389560876
-84.3138012379862,3.65366671967393
-84.3137958175161,3.653694484112
-84.313790401407,3.65372224940113
-84.3137849896591,3.65375001554063
-84.3137795822726,3.65377778252983
-84.3137741792476,3.65380555036803
-84.3137687805842,3.65383331905455
-84.3137633862825,3.65386108858871
-84.3137579963427,3.65388885896981
-84.3137526107649,3.65391663019718
-84.3137472295492,3.65394440227013
-84.3137418526958,3.65397217518797
-84.3137364802048,3.65399994895002
-84.3137311120764,3.6540277235556
-84.3137257483106,3.65405549900401
-84.3137203889076,3.65408327529458
-84.3137150338676,3.65411105242661
-84.3137096831906,3.65413883039943
-84.3137043368768,3.65416660921234
-84.3136989949264,3.65419438886467
-84.3136936573394,3.65422216935572
-84.313688324116,3.65424995068481
-84.3136829952564,3.65427773285126
-84.3136776707605,3.65430551585438
-84.3136723506287,3.65433329969348
-84.313667034861,3.65436108436789
-84.3136617234576,3.6543888698769
-84.3136564164185,3.65441665621985
-84.313651113744,3.65444444339604
-84.3136458154341,3.65447223140478
-84.313640521489,3.6545000202454
-84.3136352319087,3.6545278099172
-84.3136299466936,3.65455560041951
-84.3136246658435,3.65458339175163
-84.3136193893588,3.65461118391287
-84.3136141172395,3.65463897690256
-84.3136088494858,3.65466677072001
-84.3136035860977,3.65469456536454
-84.3135983270755,3.65472236083544
-84.3135930724192,3.65475015713205
-84.313587822129,3.65477795425368
-84.313582576205,3.65480575219963
-84.3135773346473,3.65483355096922
-84.3135720974561,3.65486135056178
-84.3135668646315,3.6548891509766
-84.3135616361736,3.65491695221301
-84.3135564120825,3.65494475427032
-84.3135511923585,3.65497255714784
-84.3135459770015,3.6550003608449
-84.3135407660118,3.65502816536079
-84.3135355593895,3.65505597069484
-84.3135303571346,3.65508377684636
-84.3135251592474,3.65511158381466
-84.3135199657279,3.65513939159906
-84.3135147765763,3.65516720019888
-84.3135095917927,3.65519500961341
-84.3135044113773,3.65522281984199
-84.3134992353301,3.65525063088393
-84.3134940636513,3.65527844273853
-84.313488896341,3.65530625540511
-84.3134837333993,3.65533406888298
-84.3134785748265,3.65536188317147
-84.3134734206225,3.65538969826987
-84.3134682707876,3.65541751417752
-84.3134631253218,3.65544533089371
-84.3134579842253,3.65547314841777
-84.3134528474982,3.655500966749
-84.3134477151407,3.65552878588673
-84.3134425871528,3.65555660583026
-84.3134374635347,3.65558442657891
-84.3134323442865,3.65561224813199
-84.3134272294084,3.65564007048882
-84.3134221189004,3.65566789364871
-84.3134170127627,3.65569571761097
-84.3134119109954,3.65572354237492
-84.3134068135987,3.65575136793986
-84.3134017205727,3.65577919430512
-84.3133966319174,3.65580702147001
-84.3133915476331,3.65583484943384
-84.3133864677198,3.65586267819592
-84.3133813921777,3.65589050775557
-84.3133763210069,3.65591833811209
-84.3133712542075,3.65594616926482
-84.3133661917797,3.65597400121305
-84.3133611337235,3.6560018339561
-84.3133560800392,3.65602966749328
-84.3133510307267,3.65605750182392
-84.3133459857864,3.65608533694731
-84.3133409452181,3.65611317286278
-84.3133359090222,3.65614100956963
-84.3133308771987,3.65616884706719
-84.3133258497478,3.65619668535476
-84.3133208266695,3.65622452443165
-84.313315807964,3.65625236429719
-84.3133107936314,3.65628020495067
-84.3133057836719,3.65630804639143
-84.3133007780855,3.65633588861876
-84.3132957768724,3.65636373163199
-84.3132907800327,3.65639157543042
-84.3132857875666,3.65641942001337
-84.3132807994741,3.65644726538015
-84.3132758157554,3.65647511153008
-84.3132708364106,3.65650295846247
-84.3132658614398,3.65653080617662
-84.3132608908432,3.65655865467186
-84.3132559246208,3.65658650394749
-84.3132509627729,3.65661435400284
-84.3132460052994,3.65664220483721
-84.3132410522006,3.65667005644991
-84.3132361034766,3.65669790884026
-84.3132311591274,3.65672576200757
-84.3132262191532,3.65675361595115
-84.3132212835542,3.65678147067032
-84.3132163523304,3.65680932616439
-84.313211425482,3.65683718243267
-84.3132065030091,3.65686503947448
-84.3132015849118,3.65689289728913
-84.3131966711902,3.65692075587592
-84.3131917618445,3.65694861523418
-84.3131868568748,3.65697647536321
-84.3131819562811,3.65700433626233
-84.3131770600637,3.65703219793085
-84.3131721682226,3.65706006036809
-84.313167280758,3.65708792357335
-84.31316239767,3.65711578754595
-84.3131575189586,3.6571436522852
-84.3131526446241,3.65717151779042
-84.3131477746665,3.65719938406091
-84.313142909086,3.65722725109599
-84.3131380478827,3.65725511889497
-84.3131331910567,3.65728298745716
-84.313128338608,3.65731085678188
-84.313123490537,3.65733872686844
-84.3131186468436,3.65736659771615
-84.313113807528,3.65739446932433
-84.3131089725902,3.65742234169228
-84.3131041420305,3.65745021481931
-84.313099315849,3.65747808870475
-84.3130944940457,3.6575059633479
-84.3130896766207,3.65753383874808
-84.3130848635743,3.65756171490459
-84.3130800549065,3.65758959181675
-84.3130752506174,3.65761746948387
-84.3130704507071,3.65764534790527
-84.3130656551759,3.65767322708025
-84.3130608640237,3.65770110700814
-84.3130560772507,3.65772898768823
-84.3130512948571,3.65775686911984
-84.3130465168429,3.65778475130229
-84.3130417432082,3.65781263423489
-84.3130369739533,3.65784051791694
-84.3130322090781,3.65786840234777
-84.3130274485828,3.65789628752668
-84.3130226924676,3.65792417345298
-84.3130179407325,3.65795206012599
-84.3130131933777,3.65797994754502
-84.3130084504033,3.65800783570939
-84.3130037118094,3.65803572461839
-84.3129989775961,3.65806361427135
-84.3129942477635,3.65809150466758
-84.3129895223118,3.65811939580638
-84.312984801241,3.65814728768708
-84.3129800845513,3.65817518030897
-84.3129753722428,3.65820307367138
-84.3129706643157,3.65823096777362
-84.3129659607699,3.658258862615
-84.3129612616057,3.65828675819483
-84.3129565668232,3.65831465451241
-84.3129518764225,3.65834255156707
-84.3129471904036,3.65837044935812
-84.3129425087668,3.65839834788486
-84.3129378315121,3.65842624714661
-84.3129331586396,3.65845414714269
-84.3129284901495,3.65848204787239
-84.3129238260419,3.65850994933503
-84.3129191663168,3.65853785152994
-84.3129145109745,3.6585657544564
-84.3129098600149,3.65859365811375
-84.3129052134383,3.65862156250129
-84.3129005712448,3.65864946761832
-84.3128959334344,3.65867737346418
-84.3128913000073,3.65870528003815
-84.3128866709636,3.65873318733956
-84.3128820463033,3.65876109536772
-84.3128774260267,3.65878900412194
-84.3128728101339,3.65881691360153
-84.3128681986248,3.6588448238058
-84.3128635914998,3.65887273473406
-84.3128589887588,3.65890064638563
-84.312854390402,3.65892855875981
-84.3128497964295,3.65895647185592
-84.3128452068414,3.65898438567327
-84.3128406216378,3.65901230021117
-84.3128360408189,3.65904021546893
-84.3128314643847,3.65906813144586
-84.3128268923354,3.65909604814128
-84.3128223246711,3.65912396555449
-84.3128177613918,3.65915188368481
-84.3128132024978,3.65917980253155
-84.3128086479891,3.65920772209401
-84.3128040978658,3.65923564237152
-84.3127995521281,3.65926356336338
-84.312795010776,3.65929148506889
-84.3127904738097,3.65931940748739
-84.3127859412292,3.65934733061816
-84.3127814130347,3.65937525446053
-84.3127768892264,3.65940317901381
-84.3127723698042,3.65943110427731
-84.3127678547684,3.65945903025034
-84.312763344119,3.6594869569322
-84.3127588378562,3.65951488432222
-84.31275433598,3.65954281241969
-84.3127498384906,3.65957074122394
-84.3127453453881,3.65959867073428
-84.3127408566725,3.65962660095001
-84.3127363723441,3.65965453187044
-84.3127318924029,3.65968246349489
-84.312727416849,3.65971039582267
-84.3127229456825,3.65973832885309
-84.3127184789036,3.65976626258545
-84.3127140165123,3.65979419701908
-84.3127095585088,3.65982213215328
-84.3127051048931,3.65985006798735
-84.3127006556655,3.65987800452062
-84.3126962108259,3.6599059417524
-84.3126917703746,3.65993387968198
-84.3126873343115,3.6599618183087
-84.3126829026369,3.65998975763184
-84.3126784753508,3.66001769765074
-84.3126740524533,3.66004563836469
-84.3126696339447,3.660073579773
-84.3126652198248,3.660101521875
-84.3126608100939,3.66012946466998
-84.3126564047521,3.66015740815726
-84.3126520037995,3.66018535233616
-84.3126476072362,3.66021329720597
-84.3126432150623,3.66024124276601
-84.3126388272779,3.6602691890156
-84.3126344438831,3.66029713595403
-84.312630064878,3.66032508358063
-84.3126256902628,3.66035303189471
-84.3126213200375,3.66038098089556
-84.3126169542023,3.66040893058251
-84.3126125927572,3.66043688095486
-84.3126082357024,3.66046483201193
-84.312603883038,3.66049278375303
-84.312599534764,3.66052073617746
-84.3125951908806,3.66054868928453
-84.312590851388,3.66057664307356
-84.3125865162861,3.66060459754386
-84.3125821855751,3.66063255269474
-84.3125778592552,3.6606605085255
-84.3125735373264,3.66068846503546
-84.3125692197888,3.66071642222393
-84.3125649066425,3.66074438009021
-84.3125605978877,3.66077233863363
-84.3125562935244,3.66080029785348
-84.3125519935528,3.66082825774908
-84.312547697973,3.66085621831974
-84.312543406785,3.66088417956477
-84.312539119989,3.66091214148348
-84.3125348375851,3.66094010407518
-84.3125305595733,3.66096806733917
-84.3125262859539,3.66099603127478
-84.3125220167268,3.66102399588131
-84.3125177518922,3.66105196115806
-84.3125134914503,3.66107992710436
-84.3125092354011,3.66110789371951
-84.3125049837446,3.66113586100281
-84.3125007364811,3.66116382895359
-84.3124964936106,3.66119179757114
-84.3124922551333,3.66121976685479
-84.3124880210492,3.66124773680383
-84.3124837913584,3.66127570741759
-84.3124795660611,3.66130367869536
-84.3124753451573,3.66133165063647
-84.3124711286471,3.66135962324021
-84.3124669165308,3.6613875965059
-84.3124627088083,3.66141557043285
-84.3124585054797,3.66144354502037
-84.3124543065452,3.66147152026777
-84.3124501120049,3.66149949617436
-84.3124459218589,3.66152747273945
-84.3124417361072,3.66155544996234
-84.31243755475,3.66158342784236
-84.3124333777874,3.6616114063788
-84.3124292052195,3.66163938557097
-84.3124250370464,3.6616673654182
-84.3124208732682,3.66169534591978
-84.312416713885,3.66172332707503
-84.3124125588968,3.66175130888325
-84.3124084083039,3.66177929134377
-84.3124042621063,3.66180727445587
-84.312400120304,3.66183525821888
-84.3123959828973,3.66186324263211
-84.3123918498862,3.66189122769486
-84.3123877212709,3.66191921340644
-84.3123835970513,3.66194719976617
-84.3123794772276,3.66197518677335
-84.3123753618,3.66200317442729
-84.3123712507685,3.6620311627273
-84.3123671441331,3.6620591516727
-84.3123630418942,3.66208714126279
-84.3123589440516,3.66211513149687
-84.3123548506056,3.66214312237427
-84.3123507615562,3.66217111389429
-84.3123466769035,3.66219910605623
-84.3123425966476,3.66222709885941
-84.3123385207887,3.66225509230314
-84.3123344493268,3.66228308638673
-84.312330382262,3.66231108110948
-84.3123263195945,3.66233907647071
-84.3123222613243,3.66236707246972
-84.3123182074515,3.66239506910583
-84.3123141579762,3.66242306637834
-84.3123101128986,3.66245106428656
-84.3123060722187,3.66247906282981
-84.3123020359366,3.66250706200738
-84.3122980040525,3.6625350618186
-84.3122939765663,3.66256306226276
-84.3122899534783,3.66259106333919
-84.3122859347886,3.66261906504718
-84.3122819204971,3.66264706738605
-84.3122779106041,3.6626750703551
-84.3122739051096,3.66270307395365
-84.3122699040137,3.662731078181
-84.3122659073166,3.66275908303647
-84.3122619150183,3.66278708851936
-84.3122579271188,3.66281509462898
-84.3122539436185,3.66284310136465
-84.3122499645172,3.66287110872566
-84.3122459898151,3.66289911671133
-84.3122420195123,3.66292712532097
-84.312238053609,3.66295513455388
-84.3122340921051,3.66298314440938
-84.3122301350009,3.66301115488678
-84.3122261822964,3.66303916598537
-84.3122222339916,3.66306717770449
-84.3122182900868,3.66309519004342
-84.3122143505819,3.66312320300148
-84.3122104154772,3.66315121657798
-84.3122064847726,3.66317923077223
-84.3122025584683,3.66320724558354
-84.3121986365644,3.66323526101121
-84.312194719061,3.66326327705456
-84.3121908059581,3.66329129371289
-84.312186897256,3.66331931098551
-84.3121829929546,3.66334732887173
-84.312179093054,3.66337534737086
-84.3121751975544,3.66340336648221
-84.3121713064559,3.66343138620509
-84.3121674197585,3.66345940653881
-84.3121635374624,3.66348742748266
-84.3121596595676,3.66351544903597
-84.3121557860743,3.66354347119805
-84.3121519169825,3.66357149396819
-84.3121480522923,3.66359951734571
-84.3121441920039,3.66362754132992
-84.3121403361173,3.66365556592013
-84.3121364846326,3.66368359111564
-84.3121326375499,3.66371161691577
-84.3121287948693,3.66373964331981
-84.3121249565909,3.66376767032709
-84.3121211227148,3.66379569793691
-84.3121172932411,3.66382372614857
-84.3121134681699,3.66385175496139
-84.3121096475013,3.66387978437468
-84.3121058312353,3.66390781438774
-84.3121020193721,3.66393584499988
-84.3120982119118,3.66396387621041
-84.3120944088545,3.66399190801863
-84.3120906102001,3.66401994042387
-84.312086815949,3.66404797342542
-84.312083026101,3.66407600702259
-84.3120792406564,3.6641040412147
-84.3120754596153,3.66413207600105
-84.3120716829776,3.66416011138094
-84.3120679107436,3.66418814735369
-84.3120641429132,3.66421618391861
-84.3120603794867,3.664244221075
-84.312056620464,3.66427225882218
-84.3120528658453,3.66430029715944
-84.3120491156307,3.6643283360861
-84.3120453698203,3.66435637560147
-84.3120416284141,3.66438441570485
-84.3120378914123,3.66441245639556
-84.3120341588149,3.66444049767289
-84.3120304306221,3.66446853953617
-84.3120267068339,3.6644965819847
-84.3120229874504,3.66452462501778
-84.3120192724717,3.66455266863472
-84.312015561898,3.66458071283484
-84.3120118557292,3.66460875761743
-84.3120081539655,3.66463680298182
-84.312004456607,3.6646648489273
-84.3120007636537,3.66469289545318
-84.3119970751059,3.66472094255878
-84.3119933909634,3.6647489902434
-84.3119897112265,3.66477703850635
-84.3119860358953,3.66480508734693
-84.3119823649698,3.66483313676446
-84.31197869845,3.66486118675824
-84.3119750363362,3.66488923732758
-84.3119713786284,3.66491728847179
-84.3119677253267,3.66494534019017
-84.3119640764311,3.66497339248204
-84.3119604319419,3.6650014453467
-84.3119567918589,3.66502949878346
-84.3119531561824,3.66505755279163
-84.3119495249125,3.66508560737052
-84.3119458980492,3.66511366251943
-84.3119422755926,3.66514171823767
-84.3119386575427,3.66516977452455
-84.3119350438998,3.66519783137937
-84.3119314346639,3.66522588880146
-84.311927829835,3.6652539467901
-84.3119242294133,3.66528200534461
-84.3119206333989,3.66531006446431
-84.3119170417918,3.66533812414849
-84.3119134545921,3.66536618439646
-84.3119098717999,3.66539424520753
-84.3119062934153,3.66542230658101
-84.3119027194385,3.66545036851621
-84.3118991498694,3.66547843101244
-84.3118955847081,3.66550649406899
-84.3118920239549,3.66553455768519
-84.3118884676096,3.66556262186033
-84.3118849156725,3.66559068659373
-84.3118813681436,3.66561875188469
-84.3118778250231,3.66564681773252
-84.3118742863109,3.66567488413653
-84.3118707520072,3.66570295109603
-84.3118672221121,3.66573101861031
-84.3118636966256,3.6657590866787
-84.3118601755478,3.66578715530049
-84.3118566588789,3.665815224475
-84.311853146619,3.66584329420154
-84.311849638768,3.6658713644794
-84.3118461353261,3.6658994353079
-84.3118426362933,3.66592750668635
-84.3118391416699,3.66595557861405
-84.3118356514558,3.66598365109031
-84.3118321656511,3.66601172411443
-84.3118286842559,3.66603979768574
-84.3118252072704,3.66606787180352
-84.3118217346945,3.66609594646709
-84.3118182665284,3.66612402167577
-84.3118148027722,3.66615209742884
-84.311811343426,3.66618017372563
-84.3118078884897,3.66620825056543
-84.3118044379636,3.66623632794757
-84.3118009918477,3.66626440587133
-84.3117975501421,3.66629248433604
-84.3117941128468,3.66632056334099
-84.311790679962,3.6663486428855
-84.3117872514878,3.66637672296888
-84.3117838274242,3.66640480359042
-84.3117804077713,3.66643288474944
-84.3117769925292,3.66646096644524
-84.3117735816979,3.66648904867714
-84.3117701752777,3.66651713144443
-84.3117667732685,3.66654521474643
-84.3117633756704,3.66657329858244
-84.3117599824836,3.66660138295178
-84.311756593708,3.66662946785374
-84.3117532093438,3.66665755328763
-84.3117498293911,3.66668563925277
-84.31174645385,3.66671372574845
-84.3117430827204,3.66674181277399
-84.3117397160026,3.66676990032869
-84.3117363536966,3.66679798841186
-84.3117329958025,3.66682607702281
-84.3117296423204,3.66685416616084
-84.3117262932503,3.66688225582526
-84.3117229485923,3.66691034601538
-84.3117196083466,3.66693843673051
-84.3117162725131,3.66696652796995
-84.311712941092,3.666994619733
-84.3117096140834,3.66702271201898
-84.3117062914874,3.66705080482719
-84.3117029733039,3.66707889815694
-84.3116996595332,3.66710699200754
-84.3116963501752,3.66713508637829
-84.3116930452302,3.6671631812685
-84.311689744698,3.66719127667748
-84.311686448579,3.66721937260453
-84.311683156873,3.66724746904896
-84.3116798695802,3.66727556601008
-84.3116765867007,3.66730366348719
-84.3116733082346,3.6673317614796
-84.3116700341819,3.66735985998662
-84.3116667645427,3.66738795900756
-84.3116634993171,3.66741605854171
-84.3116602385052,3.6674441585884
-84.3116569821071,3.66747225914692
-84.3116537301228,3.66750036021658
-84.3116504825524,3.66752846179669
-84.3116472393961,3.66755656388655
-84.3116440006538,3.66758466648547
-84.3116407663256,3.66761276959276
-84.3116375364118,3.66764087320773
-84.3116343109122,3.66766897732968
-84.311631089827,3.66769708195792
-84.3116278731564,3.66772518709175
-84.3116246609003,3.66775329273048
-84.3116214530588,3.66778139887342
-84.311618249632,3.66780950551987
-84.3116150506201,3.66783761266915
-84.311611856023,3.66786572032055
-84.3116086658409,3.66789382847339
-84.3116054800738,3.66792193712696
-84.3116022987218,3.66795004628059
-84.311599121785,3.66797815593356
-84.3115959492635,3.6680062660852
-84.3115927811573,3.66803437673481
-84.3115896174666,3.66806248788168
-84.3115864581913,3.66809059952514
-84.3115833033317,3.66811871166448
-84.3115801528877,3.66814682429902
-84.3115770068594,3.66817493742805
-84.311573865247,3.66820305105089
-84.3115707280504,3.66823116516684
-84.3115675952699,3.66825927977521
-84.3115644669053,3.6682873948753
-84.3115613429569,3.66831551046643
-84.3115582234247,3.66834362654789
-84.3115551083088,3.66837174311899
-84.3115519976092,3.66839986017905
-84.3115488913261,3.66842797772736
-84.3115457894595,3.66845609576323
-84.3115426920094,3.66848421428597
-84.311539598976,3.66851233329488
-84.3115365103594,3.66854045278928
-84.3115334261596,3.66856857276846
-84.3115303463766,3.66859669323174
-84.3115272710106,3.66862481417842
-84.3115242000617,3.6686529356078
-84.3115211335299,3.6686810575192
-84.3115180714153,3.66870917991191
-84.311515013718,3.66873730278525
-84.3115119604379,3.66876542613852
-84.3115089115754,3.66879354997102
-84.3115058671303,3.66882167428207
-84.3115028271028,3.66884979907097
-84.3114997914929,3.66887792433702
-84.3114967603007,3.66890605007954
-84.3114937335264,3.66893417629782
-84.3114907111699,3.66896230299118
-84.3114876932314,3.66899043015891
-84.3114846797108,3.66901855780034
-84.3114816706084,3.66904668591475
-84.3114786659242,3.66907481450146
-84.3114756656581,3.66910294355978
-84.3114726698104,3.669131073089
-84.3114696783811,3.66915920308844
-84.3114666913703,3.6691873335574
-84.311463708778,3.6692154644952
-84.3114607306043,3.66924359590112
-84.3114577568492,3.66927172777448
-84.311454787513,3.66929986011459
-84.3114518225955,3.66932799292075
-84.311448862097,3.66935612619227
-84.3114459060175,3.66938425992846
-84.311442954357,3.66941239412861
-84.3114400071156,3.66944052879203
-84.3114370642934,3.66946866391804
-84.3114341258905,3.66949679950594
-84.3114311919069,3.66952493555503
-84.3114282623428,3.66955307206461
-84.3114253371981,3.669581209034
-84.311422416473,3.6696093464625
-84.3114195001675,3.66963748434942
-84.3114165882817,3.66966562269406
-84.3114136808157,3.66969376149573
-84.3114107777695,3.66972190075373
-84.3114078791433,3.66975004046737
-84.311404984937,3.66977818063595
-84.3114020951508,3.66980632125879
-84.3113992097847,3.66983446233518
-84.3113963288389,3.66986260386443
-84.3113934523133,3.66989074584586
-84.311390580208,3.66991888827875
-84.3113877125232,3.66994703116243
-84.3113848492588,3.66997517449619
-84.311381990415,3.67000331827934
-84.3113791359919,3.67003146251118
-84.3113762859894,3.67005960719103
-84.3113734404077,3.67008775231819
-84.3113705992468,3.67011589789196
-84.3113677625069,3.67014404391165
-84.3113649301879,3.67017219037656
-84.3113621022899,3.670200337286
-84.3113592788131,3.67022848463928
-84.3113564597575,3.6702566324357
-84.3113536451231,3.67028478067456
-84.3113508349101,3.67031292935518
-84.3113480291184,3.67034107847685
-84.3113452277482,3.67036922803889
-84.3113424307996,3.6703973780406
-84.3113396382725,3.67042552848128
-84.3113368501672,3.67045367936024
-84.3113340664835,3.67048183067679
-84.3113312872217,3.67050998243023
-84.3113285123817,3.67053813461986
-84.3113257419637,3.67056628724499
-84.3113229759677,3.67059444030493
-84.3113202143938,3.67062259379899
-84.3113174572421,3.67065074772646
-84.3113147045125,3.67067890208665
-84.3113119562053,3.67070705687888
-84.3113092123204,3.67073521210243
-84.3113064728579,3.67076336775663
-84.3113037378179,3.67079152384077
-84.3113010072005,3.67081968035416
-84.3112982810057,3.67084783729611
-84.3112955592336,3.67087599466592
-84.3112928418842,3.67090415246289
-84.3112901289577,3.67093231068633
-84.3112874204541,3.67096046933555
-84.3112847163734,3.67098862840986
-84.3112820167158,3.67101678790855
-84.3112793214812,3.67104494783093
-84.3112766306698,3.67107310817631
-84.3112739442817,3.67110126894399
-84.3112712623168,3.67112943013328
-84.3112685847753,3.67115759174349
-84.3112659116572,3.67118575377391
-84.3112632429626,3.67121391622386
-84.3112605786915,3.67124207909263
-84.3112579188441,3.67127024237954
-84.3112552634204,3.67129840608389
-84.3112526124204,3.67132657020499
-84.3112499658442,3.67135473474213
-84.311247323692,3.67138289969463
-84.3112446859636,3.67141106506179
-84.3112420526593,3.67143923084291
-84.3112394237791,3.6714673970373
-84.311236799323,3.67149556364427
-84.3112341792911,3.67152373066312
-84.3112315636835,3.67155189809315
-84.3112289525002,3.67158006593368
-84.3112263457414,3.671608234184
-84.311223743407,3.67163640284342
-84.3112211454971,3.67166457191124
-84.3112185520118,3.67169274138678
-84.3112159629512,3.67172091126933
-84.3112133783153,3.67174908155821
-84.3112107981042,3.67177725225271
-84.311208222318,3.67180542335213
-84.3112056509566,3.6718335948558
-84.3112030840203,3.671861766763
-84.311200521509,3.67188993907305
-84.3111979634227,3.67191811178526
-84.3111954097617,3.67194628489891
-84.3111928605258,3.67197445841333
-84.3111903157153,3.67200263232781
-84.3111877753302,3.67203080664166
-84.3111852393704,3.67205898135419
-84.3111827078361,3.6720871564647
-84.3111801807274,3.67211533197249
-84.3111776580443,3.67214350787687
-84.3111751397868,3.67217168417715
-84.3111726259551,3.67219986087262
-84.3111701165491,3.6722280379626
-84.3111676115691,3.67225621544639
-84.3111651110149,3.6722843933233
-84.3111626148867,3.67231257159262
-84.3111601231846,3.67234075025366
-84.3111576359085,3.67236892930573
-84.3111551530586,3.67239710874814
-84.311152674635,3.67242528858018
-84.3111502006376,3.67245346880117
-84.3111477310666,3.6724816494104
-84.3111452659219,3.67250983040719
-84.3111428052038,3.67253801179083
-84.3111403489121,3.67256619356064
-84.3111378970471,3.67259437571591
-84.3111354496087,3.67262255825595
-84.311133006597,3.67265074118007
-84.3111305680121,3.67267892448756
-84.311128133854,3.67270710817775
-84.3111257041228,3.67273529224992
-84.3111232788186,3.67276347670338
-84.3111208579413,3.67279166153745
-84.3111184414912,3.67281984675142
-84.3111160294681,3.6728480323446
-84.3111136218723,3.67287621831629
-84.3111112187037,3.67290440466579
-84.3111088199624,3.67293259139242
-84.3111064256485,3.67296077849548
-84.311104035762,3.67298896597426
-84.3111016503029,3.67301715382809
-84.3110992692715,3.67304534205625
-84.3110968926676,3.67307353065806
-84.3110945204914,3.67310171963282
-84.3110921527429,3.67312990897983
-84.3110897894222,3.6731580986984
-84.3110874305293,3.67318628878783
-84.3110850760643,3.67321447924743
-84.3110827260273,3.67324267007651
-84.3110803804183,3.67327086127436
-84.3110780392373,3.67329905284029
-84.3110757024845,3.6733272447736
-84.3110733701598,3.67335543707361
-84.3110710422634,3.67338362973961
-84.3110687187953,3.67341182277091
-84.3110663997556,3.67344001616681
-84.3110640851442,3.67346820992662
-84.3110617749614,3.67349640404964
-84.311059469207,3.67352459853518
-84.3110571678813,3.67355279338254
-84.3110548709841,3.67358098859102
-84.3110525785157,3.67360918415994
-84.311050290476,3.67363738008859
-84.3110480068652,3.67366557637627
-84.3110457276832,3.6736937730223
-84.3110434529301,3.67372197002598
-84.311041182606,3.67375016738661
-84.311038916711,3.67377836510349
-84.311036655245,3.67380656317594
-84.3110343982082,3.67383476160325
-84.3110321456006,3.67386296038473
-84.3110298974223,3.67389115951968
-84.3110276536732,3.6739193590074
-84.3110254143536,3.67394755884721
-84.3110231794633,3.67397575903841
-84.3110209490025,3.67400395958029
-84.3110187229713,3.67403216047217
-84.3110165013697,3.67406036171335
-84.3110142841977,3.67408856330313
-84.3110120714554,3.67411676524082
-84.3110098631428,3.67414496752572
-84.3110076592601,3.67417317015714
-84.3110054598072,3.67420137313437
-84.3110032647842,3.67422957645673
-84.3110010741912,3.67425778012352
-84.3109988880283,3.67428598413404
-84.3109967062954,3.67431418848759
-84.3109945289926,3.67434239318349
-84.31099235612,3.67437059822103
-84.3109901876777,3.67439880359952
-84.3109880236657,3.67442700931826
-84.310985864084,3.67445521537656
-84.3109837089327,3.67448342177372
-84.3109815582119,3.67451162850905
-84.3109794119215,3.67453983558184
-84.3109772700617,3.67456804299141
-84.3109751326326,3.67459625073706
-84.3109729996341,3.67462445881808
-84.3109708710663,3.6746526672338
-84.3109687469293,3.6746808759835
-84.3109666272231,3.6747090850665
-84.3109645119478,3.67473729448209
-84.3109624011034,3.67476550422959
-84.31096029469,3.67479371430829
-84.3109581927076,3.67482192471751
-84.3109560951563,3.67485013545653
-84.3109540020362,3.67487834652468
-84.3109519133472,3.67490655792125
-84.3109498290895,3.67493476964554
-84.310947749263,3.67496298169686
-84.3109456738679,3.67499119407452
-84.3109436029042,3.67501940677781
-84.3109415363719,3.67504761980605
-84.3109394742711,3.67507583315853
-84.3109374166019,3.67510404683456
-84.3109353633642,3.67513226083344
-84.3109333145582,3.67516047515449
-84.3109312701839,3.67518868979699
-84.3109292302414,3.67521690476026
-84.3109271947306,3.6752451200436
-84.3109251636517,3.67527333564631
-84.3109231370047,3.67530155156769
-84.3109211147897,3.67532976780706
-84.3109190970066,3.67535798436372
-84.3109170836556,3.67538620123696
-84.3109150747366,3.67541441842609
-84.3109130702499,3.67544263593042
-84.3109110701953,3.67547085374925
-84.3109090745729,3.67549907188189
-84.3109070833829,3.67552729032763
-84.3109050966252,3.67555550908578
-84.3109031142999,3.67558372815565
-84.310901136407,3.67561194753654
-84.3108991629467,3.67564016722775
-84.3108971939188,3.67566838722859
-84.3108952293236,3.67569660753836
-84.310893269161,3.67572482815636
-84.310891313431,3.6757530490819
-84.3108893621338,3.67578127031428
-84.3108874152694,3.67580949185281
-84.3108854728379,3.67583771369678
-84.3108835348391,3.67586593584551
-84.3108816012734,3.6758941582983
-84.3108796721406,3.67592238105444
-84.3108777474408,3.67595060411325
-84.310875827174,3.67597882747403
-84.3108739113404,3.67600705113608
-84.31087199994,3.6760352750987
-84.3108700929727,3.6760634993612
-84.3108681904388,3.67609172392289
-84.3108662923381,3.67611994878306
-84.3108643986707,3.67614817394102
-84.3108625094368,3.67617639939608
-84.3108606246363,3.67620462514753
-84.3108587442693,3.67623285119468
-84.3108568683358,3.67626107753684
-84.310854996836,3.6762893041733
-84.3108531297697,3.67631753110337
-84.3108512671371,3.67634575832637
-84.3108494089383,3.67637398584157
-84.3108475551732,3.67640221364831
-84.3108457058419,3.67643044174586
-84.3108438609445,3.67645867013355
-84.310842020481,3.67648689881067
-84.3108401844514,3.67651512777652
-84.3108383528558,3.67654335703042
-84.3108365256943,3.67657158657166
-84.3108347029668,3.67659981639955
-84.3108328846735,3.67662804651338
-84.3108310708143,3.67665627691247
-84.3108292613894,3.67668450759612
-84.3108274563988,3.67671273856363
-84.3108256558424,3.67674096981431
-84.3108238597204,3.67676920134745
-84.3108220680328,3.67679743316237
-84.3108202807796,3.67682566525836
-84.3108184979609,3.67685389763472
-84.3108167195768,3.67688213029078
-84.3108149456272,3.67691036322581
-84.3108131761122,3.67693859643914
-84.3108114110319,3.67696682993005
-84.3108096503863,3.67699506369787
-84.3108078941755,3.67702329774188
-84.3108061423994,3.6770515320614
-84.3108043950582,3.67707976665572
-84.3108026521518,3.67710800152415
-84.3108009136804,3.67713623666599
-84.3107991796439,3.67716447208055
-84.3107974500424,3.67719270776713
-84.310795724876,3.67722094372504
-84.3107940041447,3.67724917995356
-84.3107922878485,3.67727741645202
-84.3107905759875,3.67730565321972
-84.3107888685617,3.67733389025595
-84.3107871655711,3.67736212756002
-84.3107854670159,3.67739036513123
-84.310783772896,3.67741860296889
-84.3107820832115,3.6774468410723
-84.3107803979624,3.67747507944076
-84.3107787171488,3.67750331807358
-84.3107770407707,3.67753155697006
-84.3107753688282,3.6775597961295
-84.3107737013212,3.67758803555121
-84.3107720382499,3.67761627523448
-84.3107703796142,3.67764451517864
-84.3107687254143,3.67767275538296
-84.3107670756501,3.67770099584677
-84.3107654303218,3.67772923656936
-84.3107637894292,3.67775747755004
-84.3107621529726,3.6777857187881
-84.3107605209518,3.67781396028286
-84.3107588933671,3.67784220203362
-84.3107572702183,3.67787044403967
-84.3107556515055,3.67789868630032
-84.3107540372289,3.67792692881489
-84.3107524273883,3.67795517158266
-84.3107508219839,3.67798341460294
-84.3107492210158,3.67801165787503
-84.3107476244838,3.67803990139825
-84.3107460323881,3.67806814517189
-84.3107444447288,3.67809638919525
-84.3107428615058,3.67812463346764
-84.3107412827192,3.67815287798836
-84.310739708369,3.67818112275671
-84.3107381384553,3.67820936777201
-84.3107365729781,3.67823761303354
-84.3107350119375,3.67826585854062
-84.3107334553335,3.67829410429254
-84.3107319031661,3.67832235028861
-84.3107303554353,3.67835059652814
-84.3107288121413,3.67837884301042
-84.310727273284,3.67840708973476
-84.3107257388634,3.67843533670047
-84.3107242088797,3.67846358390684
-84.3107226833329,3.67849183135318
-84.3107211622229,3.67852007903879
-84.3107196455499,3.67854832696298
-84.3107181333138,3.67857657512504
-84.3107166255148,3.67860482352428
-84.3107151221527,3.67863307216001
-84.3107136232278,3.67866132103153
-84.31071212874,3.67868957013813
-84.3107106386893,3.67871781947913
-84.3107091530759,3.67874606905383
-84.3107076718996,3.67877431886152
-84.3107061951606,3.67880256890152
-84.3107047228589,3.67883081917312
-84.3107032549946,3.67885906967563
-84.3107017915676,3.67888732040836
-84.310700332578,3.67891557137059
-84.3106988780259,3.67894382256165
-84.3106974279113,3.67897207398082
-84.3106959822342,3.67900032562742
-84.3106945409946,3.67902857750075
-84.3106931041926,3.6790568296001
-84.3106916718282,3.67908508192479
-84.3106902439015,3.67911333447411
-84.3106888204125,3.67914158724737
-84.3106874013612,3.67916984024387
-84.3106859867477,3.67919809346292
-84.310684576572,3.67922634690381
-84.3106831708341,3.67925460056585
-84.310681769534,3.67928285444835
-84.3106803726719,3.6793111085506
-84.3106789802477,3.67933936287191
-84.3106775922615,3.67936761741159
-84.3106762087133,3.67939587216892
-84.3106748296031,3.67942412714323
-84.310673454931,3.67945238233381
-84.310672084697,3.67948063773995
-84.3106707189012,3.67950889336098
-84.3106693575435,3.67953714919619
-84.3106680006241,3.67956540524487
-84.3106666481428,3.67959366150635
-84.3106653000999,3.67962191797991
-84.3106639564953,3.67965017466486
-84.310662617329,3.67967843156051
-84.310661282601,3.67970668866615
-84.3106599523115,3.67973494598109
-84.3106586264605,3.67976320350463
-84.3106573050479,3.67979146123608
-84.3106559880738,3.67981971917474
-84.3106546755382,3.6798479773199
-84.3106533674412,3.67987623567088
-84.3106520637828,3.67990449422698
-84.3106507645631,3.6799327529875
-84.310649469782,3.67996101195174
-84.3106481794396,3.679989271119
-84.310646893536,3.68001753048859
-84.3106456120711,3.68004579005981
-84.310644335045,3.68007404983197
-84.3106430624577,3.68010230980436
-84.3106417943093,3.68013056997629
-84.3106405305998,3.68015883034706
-84.3106392713292,3.68018709091597
-84.3106380164976,3.68021535168234
-84.3106367661049,3.68024361264545
-84.3106355201512,3.68027187380461
-84.3106342786366,3.68030013515913
-84.3106330415611,3.68032839670831
-84.3106318089247,3.68035665845145
-84.3106305807273,3.68038492038786
-84.3106293569692,3.68041318251683
-84.3106281376503,3.68044144483767
-84.3106269227706,3.68046970734968
-84.3106257123301,3.68049797005216
-84.3106245063289,3.68052623294442
-84.3106233047671,3.68055449602577
-84.3106221076446,3.68058275929549
-84.3106209149614,3.6806110227529
-84.3106197267177,3.6806392863973
-84.3106185429134,3.68066755022799
-84.3106173635486,3.68069581424427
-84.3106161886232,3.68072407844545
-84.3106150181374,3.68075234283083
-84.3106138520911,3.68078060739971
-84.3106126904844,3.68080887215139
-84.3106115333173,3.68083713708519
-84.3106103805898,3.68086540220039
-84.3106092323021,3.6808936674963
-84.310608088454,3.68092193297223
-84.3106069490456,3.68095019862747
-84.3106058140769,3.68097846446133
-84.3106046835481,3.68100673047312
-84.310603557459,3.68103499666214
-84.3106024358098,3.68106326302768
-84.3106013186004,3.68109152956905
-84.310600205831,3.68111979628555
-84.3105990975014,3.68114806317649
-84.3105979936118,3.68117633024117
-84.3105968941621,3.68120459747889
-84.3105957991525,3.68123286488896
-84.3105947085829,3.68126113247067
-84.3105936224533,3.68128940022333
-84.3105925407638,3.68131766814624
-84.3105914635144,3.6813459362387
-84.3105903907051,3.68137420450002
-84.310589322336,3.68140247292951
-84.3105882584071,3.68143074152645
-84.3105871989183,3.68145901029016
-84.3105861438699,3.68148727921993
-84.3105850932616,3.68151554831507
-84.3105840470937,3.68154381757489
-84.3105830053661,3.68157208699868
-84.3105819680788,3.68160035658575
-84.3105809352319,3.68162862633539
-84.3105799068253,3.68165689624692
-84.3105788828592,3.68168516631964
-84.3105778633336,3.68171343655284
-84.3105768482483,3.68174170694583
-84.3105758376036,3.68176997749791
-84.3105748313994,3.68179824820839
-84.3105738296358,3.68182651907657
-84.3105728323127,3.68185479010175
-84.3105718394302,3.68188306128323
-84.3105708509883,3.68191133262031
-84.310569866987,3.6819396041123
-84.3105688874265,3.6819678757585
-84.3105679123066,3.68199614755822
-84.3105669416274,3.68202441951074
-84.3105659753889,3.68205269161539
-84.3105650135912,3.68208096387146
-84.3105640562343,3.68210923627825
-84.3105631033182,3.68213750883506
-84.3105621548429,3.6821657815412
-84.3105612108085,3.68219405439597
-84.310560271215,3.68222232739867
-84.3105593360623,3.68225060054861
-84.3105584053506,3.68227887384509
-84.3105574790798,3.6823071472874
-84.31055655725,3.68233542087486
-84.3105556398612,3.68236369460676
-84.3105547269134,3.68239196848241
-84.3105538184066,3.68242024250111
-84.3105529143409,3.68244851666215
-84.3105520147163,3.68247679096486
-84.3105511195328,3.68250506540852
-84.3105502287904,3.68253333999244
-84.3105493424891,3.68256161471592
-84.310548460629,3.68258988957827
-84.3105475832102,3.68261816457878
-84.3105467102325,3.68264643971676
-84.310545841696,3.68267471499151
-84.3105449776009,3.68270299040234
-84.3105441179469,3.68273126594854
-84.3105432627343,3.68275954162942
-84.310542411963,3.68278781744428
-84.3105415656331,3.68281609339243
-84.3105407237445,3.68284436947316
-84.3105398862973,3.68287264568578
-84.3105390532915,3.68290092202959
-84.3105382247271,3.68292919850389
-84.3105374006042,3.68295747510799
-84.3105365809227,3.68298575184118
-84.3105357656827,3.68301402870278
-84.3105349548842,3.68304230569207
-84.3105341485273,3.68307058280837
-84.3105333466119,3.68309886005098
-84.310532549138,3.6831271374192
-84.3105317561058,3.68315541491233
-84.3105309675151,3.68318369252967
-84.3105301833661,3.68321197027053
-84.3105294036586,3.68324024813421
-84.3105286283929,3.68326852612001
-84.3105278575689,3.68329680422724
-84.3105270911865,3.68332508245519
-84.3105263292459,3.68335336080316
-84.310525571747,3.68338163927047
-84.3105248186898,3.68340991785641
-84.3105240700745,3.68343819656029
-84.3105233259009,3.6834664753814
-84.3105225861691,3.68349475431905
-84.3105218508792,3.68352303337255
-84.3105211200311,3.68355131254119
-84.3105203936249,3.68357959182428
-84.3105196716605,3.68360787122111
-84.3105189541381,3.683636150731
-84.3105182410576,3.68366443035324
-84.310517532419,3.68369271008713
-84.3105168282224,3.68372098993199
-84.3105161284677,3.6837492698871
-84.310515433155,3.68377754995178
-84.3105147422844,3.68380583012532
-84.3105140558557,3.68383411040703
-84.3105133738691,3.68386239079621
-84.3105126963246,3.68389067129216
-84.3105120232221,3.68391895189419
-84.3105113545618,3.68394723260159
-84.3105106903435,3.68397551341367
-84.3105100305673,3.68400379432974
-84.3105093752333,3.68403207534908
-84.3105087243415,3.68406035647101
-84.3105080778918,3.68408863769483
-84.3105074358843,3.68411691901984
-84.310506798319,3.68414520044534
-84.3105061651959,3.68417348197064
-84.3105055365151,3.68420176359503
-84.3105049122765,3.68423004531782
-84.3105042924802,3.68425832713831
-84.3105036771262,3.68428660905581
-84.3105030662144,3.68431489106961
-84.310502459745,3.68434317317902
-84.3105018577179,3.68437145538334
-84.3105012601331,3.68439973768188
-84.3105006669907,3.68442802007393
-84.3105000782907,3.68445630255879
-84.310499494033,3.68448458513577
-84.3104989142178,3.68451286780418
-84.3104983388449,3.68454115056331
-84.3104977679145,3.68456943341246
-84.3104972014265,3.68459771635095
-84.310496639381,3.68462599937806
-84.310496081778,3.68465428249311
-84.3104955286174,3.68468256569539
-84.3104949798994,3.68471084898421
-84.3104944356238,3.68473913235886
-84.3104938957908,3.68476741581866
-84.3104933604003,3.6847956993629
-84.3104928294523,3.68482398299089
-84.310492302947,3.68485226670193
-84.3104917808842,3.68488055049531
-84.3104912632639,3.68490883437035
-84.3104907500863,3.68493711832635
-84.3104902413513,3.6849654023626
-84.310489737059,3.6849936864784
-84.3104892372093,3.68502197067307
-84.3104887418022,3.68505025494591
-84.3104882508378,3.68507853929621
-84.310487764316,3.68510682372327
-84.310487282237,3.68513510822641
-84.3104868046006,3.68516339280492
-84.310486331407,3.6851916774581
-84.3104858626561,3.68521996218526
-84.3104853983479,3.6852482469857
-84.3104849384825,3.68527653185872
-84.3104844830598,3.68530481680362
-84.3104840320799,3.6853331018197
-84.3104835855428,3.68536138690628
-84.3104831434485,3.68538967206264
-84.310482705797,3.68541795728809
-84.3104822725883,3.68544624258194
-84.3104818438224,3.68547452794349
-84.3104814194994,3.68550281337203
-84.3104809996191,3.68553109886687
-84.3104805841818,3.68555938442732
-84.3104801731873,3.68558767005267
-84.3104797666357,3.68561595574222
-84.310479364527,3.68564424149529
-84.3104789668612,3.68567252731116
-84.3104785736382,3.68570081318915
-84.3104781848582,3.68572909912856
-84.3104778005212,3.68575738512868
-84.310477420627,3.68578567118882
-84.3104770451758,3.68581395730828
-84.3104766741676,3.68584224348637
-84.3104763076023,3.68587052972238
-84.31047594548,3.68589881601562
-84.3104755878007,3.68592710236539
-84.3104752345643,3.685955388771
-84.310474885771,3.68598367523174
-84.3104745414206,3.68601196174691
-84.3104742015133,3.68604024831582
-84.310473866049,3.68606853493778
-84.3104735350277,3.68609682161207
-84.3104732084495,3.68612510833802
-84.3104728863143,3.68615339511491
-84.3104725686222,3.68618168194204
-84.3104722553731,3.68620996881874
-84.3104719465671,3.68623825574428
-84.3104716422042,3.68626654271798
-84.3104713422844,3.68629482973914
-84.3104710468077,3.68632311680705
-84.310470755774,3.68635140392103
-84.3104704691835,3.68637969108038
-84.3104701870361,3.68640797828439
-84.3104699093318,3.68643626553237
-84.3104696360707,3.68646455282362
-84.3104693672527,3.68649284015744
-84.3104691028778,3.68652112753313
-84.3104688429461,3.68654941495001
-84.3104685874575,3.68657770240736
-84.3104683364121,3.68660598990449
-84.3104680898098,3.68663427744071
-84.3104678476508,3.68666256501531
-84.3104676099349,3.6866908526276
-84.3104673766622,3.68671914027688
-84.3104671478327,3.68674742796245
-84.3104669234463,3.68677571568361
-84.3104667035032,3.68680400343967
-84.3104664880033,3.68683229122993
-84.3104662769467,3.68686057905369
-84.3104660703332,3.68688886691025
-84.3104658681629,3.68691715479891
-84.3104656704359,3.68694544271898
-84.3104654771521,3.68697373066976
-84.3104652883116,3.68700201865055
-84.3104651039143,3.68703030666065
-84.3104649239602,3.68705859469937
-84.3104647484494,3.687086882766
-84.3104645773819,3.68711517085986
-84.3104644107576,3.68714345898023
-84.3104642485766,3.68717174712642
-84.3104640908388,3.68720003529774
-84.3104639375444,3.68722832349349
-84.3104637886932,3.68725661171297
-84.3104636442852,3.68728489995548
-84.3104635043206,3.68731318822032
-84.3104633687993,3.6873414765068
-84.3104632377212,3.68736976481421
-84.3104631110864,3.68739805314187
-84.310462988895,3.68742634148906
-84.3104628711468,3.68745462985511
-84.3104627578419,3.68748291823929
-84.3104626489804,3.68751120664093
-84.3104625445621,3.68753949505931
-84.3104624445872,3.68756778349375
-84.3104623490556,3.68759607194354
-84.3104622579672,3.68762436040799
-84.3104621713223,3.68765264888639
-84.3104620891206,3.68768093737806
-84.3104620113622,3.68770922588229
-84.3104619380472,3.68773751439838
-84.3104618691755,3.68776580292564
-84.3104618047471,3.68779409146337
-84.3104617447621,3.68782238001087
-84.3104616892204,3.68785066856744
-84.310461638122,3.68787895713239
-84.3104615914669,3.68790724570502
-84.3104615492552,3.68793553428462
-84.3104615114868,3.68796382287051
-84.3104614781618,3.68799211146198
-84.3104614492801,3.68802040005833
-84.3104614248417,3.68804868865887
-84.3104614048467,3.68807697726291
-84.310461389295,3.68810526586973
-84.3104613781867,3.68813355447865
-84.3104613715217,3.68816184308896
-84.3104613693,3.68819013169997
-84.3104613693,4.99932409305643
-84.3085149121129,5.0115809884353
-84.2962501332836,5.01347713760907
-82.0,5.007713760907
-82.0,5.185002489
-82.0,7.0
-80.0,7.0
-80.0,8.0
-78.0,8.0
-78.0,12.0
-78.0,12.0000000001
-78.0766825917,12.3227941287
-78.8199820523,12.3218237638
-78.8209350887,11.8319630318
-78.829865408,11.7763038934
-78.8555648413,11.726131895
-78.8955156671,11.6863622859
-78.9458039838,11.6608912142
-79.0015031468,11.6522140293
-79.8223939266,11.6543489858
-79.8223939266,10.9988493442
-79.8312202584,10.9431596631
-79.856834133,10.8929284562
-79.8967249833,10.8530791805
-79.9469828718,10.8275176986
-80.0026817263,10.8187494421
-81.1899020713,10.8199874196
-81.383360858,10.670212875
-81.435504337,10.6421541408
-81.4939292145,10.6325224919
-82.2362331571,10.6338247795
-82.2918114987,10.6427175032
-82.3419306304,10.668332054
-82.3816954052,10.7081666528
-82.4072219884,10.7583306451
-82.4160171927,10.8139245024
-82.4160171927,11.0040584947
-82.4072024713,11.0597124554
-82.3816211534,11.1099186186
-82.3417773167,11.1497624554
-82.2915711534,11.1753437733
-82.2359171927,11.1841584947
-82.1802736816,11.1841584947
-82.1796519875,14.9855067716
-82.1708387554,15.0411267012
-82.1452789169,15.0913058233
-82.1054714424,15.1311381545
-82.0553082853,15.1567293112
-81.9996938679,15.1655772611
-80.1132471109,15.1670633543
-80.1132471109,15.4603373501
-80.167555678,15.5690749023
-80.226190663,15.6855327535
-80.2397856665,15.7217919157
-80.2405995963,15.7249662418
-80.2462233556,15.7723744243
-80.2454094258,15.8271518972
-80.2387422818,15.8730965763
-80.2240915461,15.925350867
-80.2017754963,15.9747392241
-80.1666137306,16.0289469462
-80.1296872275,16.0702260463
-80.0998973982,16.0946439391
-80.0787783343,16.1095554188
-80.0504535786,16.1266479438
-80.0430132973,16.1300814059
-79.9649441032,16.2028449267
-79.9081352861,16.2386734449
-79.8421497636,16.2511968331
-79.6467988813,16.2511968331
-79.6345649242,16.2751865028
-79.5949425073,16.3148938999
-79.545025436,16.3404849002
-79.4896561592,16.349476924
-79.2785634755,16.3504536397
-79.222879589,16.3418998001
-79.1725628317,16.3165603584
-79.1325366977,16.2769147788
-79.1192975501,16.2512392275
-78.4305215221,16.2508915865
-78.3748937467,16.2420558473
-78.3247157352,16.2164689982
-78.2848953271,16.1766336524
-78.2593272993,16.126446048
-78.2505124241,16.0708149627
-78.2504513794,15.6000379885
-78.259259699,15.5443803767
-78.284836792,15.4941691373
-78.3246787628,15.4543197508
-78.3748852412,15.4287333134
-78.4305412127,15.4199146356
-78.4532388729,15.4199133545
-78.4532244049,14.5808012431
-78.2437457084,14.4151596896
-77.6631345568,14.2698251325
-74.5212256014,14.9190037468
-73.4362232648,15.2092127051
-73.3869379422,15.2153077879
-71.673148861,15.1891430691
-69.5036007896,15.4832697204
-69.4460635301,15.4817890271
-69.3919315648,15.4622324678
-69.3467334563,15.4265973774
-69.3150853418,15.3785232104
-69.3002194812,15.3229198394
-69.3001,15.3229198394
-70.0,14.0
-70.0,12.0
-70.072,12.0
-71.592,11.241
-72.176,10.697
-72.58,9.734
-71.872,8.32
-71.949,7.656
-71.774,7.496
-69.883,7.473
-69.211,6.629
-66.795,6.774
-67.304,5.267
-67.378,4.624
-66.709,3.26
-67.114,2.872
-66.788,2.615
-66.225,0.716
-67.488,0.688
-67.698,1.433
-68.185,1.21
-68.775,1.207
-68.322,0.029
-69.454,-0.034
-69.127,-0.494
-68.952,-1.516
-69.658,-5.396
-70.514,-4.281
-71.586,-4.23
-70.767,-2.921
-70.795,-2.904
-71.388,-2.845
-73.151,-3.011
-75.409,-0.529
-75.494211622,-0.256196726
-75.5125226632,-0.2479027665
-75.5150888362,-0.2465630695
-75.5297950078,-0.2367913498
-75.5299950295,-0.2371158609
-75.5302090895,-0.2369839189
-75.5321164575,-0.23580818
-75.5319998137,-0.2356189521
-75.5447993463,-0.2298458609
-75.5459398653,-0.2290803409
-75.5548243246,-0.2225548683
-75.5850444772,-0.2122023915
-75.5873254702,-0.2110063045
-75.5912136626,-0.2086052617
-75.6135499879,-0.2052019587
-75.6147379649,-0.2049029817
-75.6236059962,-0.2024285073
-75.6258266942,-0.2017472183
-75.6256626607,-0.2012125424
-75.6372458347,-0.1975926309
-75.6373116921,-0.1977710463
-75.6390936891,-0.1971132693
-75.6397555134,-0.1968083195
-75.6404370231,-0.1965953377
-75.6422190111,-0.1958777657
-75.6421495319,-0.1957052239
-75.6646392684,-0.1853425926
-75.6657084614,-0.1847446116
-75.6935486409,-0.1655347984
-75.6942614449,-0.1649368104
-75.7125850043,-0.1471805997
-75.7132094877,-0.1470347835
-75.7144393685,-0.1472906307
-75.7169577415,-0.1472428317
-75.7169461982,-0.1466346537
-75.7189039828,-0.1469022402
-75.7213462284,-0.1476133907
-75.7218213924,-0.1476612337
-75.7443916776,-0.1485103494
-75.7462923066,-0.1484625524
-75.7598019138,-0.1476139637
-75.7617025508,-0.1474226497
-75.7641231204,-0.1466003513
-75.7653203098,-0.146550241
-75.7658904968,-0.146502425
-75.7806422167,-0.1446495114
-75.7812124047,-0.1445538404
-75.7861215045,-0.1436600606
-75.7880696445,-0.1432774156
-75.7898391547,-0.1429206372
-75.7933077927,-0.1422031632
-75.7931658988,-0.1415171751
-75.8032450013,-0.1381785712
-75.8046230889,-0.137961826
-75.8054116962,-0.1377689421
-75.8062304956,-0.1376929357
-75.8082736416,-0.1373102907
-75.8082304215,-0.1370795154
-75.8339360856,-0.130792216
-75.8343637196,-0.130648718
-75.8398187929,-0.1286884789
-75.8715548265,-0.1212959967
-75.9052918182,-0.1026902699
-75.9056751788,-0.1033053719
-75.9069226788,-0.1025278709
-75.9094670331,-0.1003876666
-75.9148085451,-0.0974418582
-75.9166500831,-0.0960662942
-75.9256623777,-0.0888737069
-75.9272068867,-0.0875579559
-75.9261685286,-0.0863390676
-75.9459336508,-0.0697134741
-75.9464682828,-0.0691154121
-75.9600187418,-0.0503439944
-75.9606153338,-0.0507637326
-75.9616251928,-0.0493283766
-75.9654148581,-0.0428687677
-75.9677127361,-0.039685523
-75.9691995788,-0.0388412664
-75.9752285783,-0.0352609186
-75.9769253433,-0.0342080766
-75.9800965151,-0.0321942589
-75.9819321951,-0.0310014849
-75.9968326902,-0.0172039694
-76.0141120734,-0.0080011494
-76.0528379263,0.0317839473
-76.0540258403,0.0334579663
-76.0660817935,0.0625708862
-76.081875186,0.0725569962
-76.082469233,0.0731551222
-76.0928359212,0.0845257523
-76.0937863832,0.0856621953
-76.1007834621,0.0954424057
-76.1322479717,0.1199012774
-76.1325961317,0.1202518444
-76.1457138293,0.1353740768
-76.149858118,0.1361901645
-76.150354159,0.1363081135
-76.1533936632,0.1370588209
-76.1541338032,0.1372484639
-76.1545853046,0.1373647732
-76.1548293946,0.1374279892
-76.17949329,0.14575918
-76.1813445998,0.1465377408
-76.1814331877,0.1465747821
-76.185234956,0.1482160156
-76.185944814,0.1485321936
-76.1893638,0.1500980227
-76.189729675,0.1502702297
-76.1933880808,0.1520428459
-76.1938229818,0.1522596639
-76.1972724341,0.1540259627
-76.1974099211,0.1540982407
-76.202580181,0.1569251964
-76.202770983,0.1570336134
-76.2092246441,0.1608809525
-76.2095147641,0.1610622145
-76.211201186,0.1621288967
-76.211299956,0.1621921387
-76.2138769046,0.1638733569
-76.2139992466,0.1639546719
-76.2179231375,0.1666380271
-76.2180909245,0.1667560481
-76.224191778,0.1712420154
-76.224474065,0.1714588704
-76.2247578317,0.1716768669
-76.2274162911,0.1737590802
-76.2278130591,0.1740758912
-76.2303519277,0.1761411786
-76.2306572207,0.1763941686
-76.237820538,0.1826566837
-76.238094964,0.1829096967
-76.240885699,0.1855381734
-76.241288863,0.1859260766
-76.2415782046,0.1841448215
-76.2691510553,0.1322806334
-76.3119461008,0.092047063
-76.3174818978,0.08833448
-76.3238823944,0.0842351019
-76.3269661764,0.0823505689
-76.3431741938,0.0735522532
-76.3458011188,0.0722958982
-76.4091441325,0.0552438491
-76.4119994855,0.0550154211
-76.4656046421,0.0587692951
-76.4661587738,0.0589838412
-76.4711999548,0.0589786782
-76.4741793258,0.0591833672
-76.4764782834,0.0594645865
-76.4782148878,0.0595729993
-76.504071707,0.0560992143
-76.5118610939,0.0572049941
-76.5248675893,0.0497043701
-76.5261810523,0.0492475131
-76.5566699056,0.0415492456
-76.5584402236,0.0412637106
-76.5999495477,0.039423526
-76.6015485457,0.03953774
-76.6458499276,0.0483824098
-76.6865565619,0.0679734928
-76.6875273819,0.0686016708
-76.6945455929,0.0757531589
-76.698345422,0.077820969
-76.7066194237,0.0747199996
-76.7065825931,0.0746031577
-76.7098662491,0.0735680917
-76.7103903241,0.0734482781
-76.7108625011,0.0733122273
-76.7108700979,0.0733385927
-76.7260270462,0.0698734245
-76.725936538,0.0694790675
-76.728113744,0.0689793805
-76.731729088,0.0685698286
-76.738138312,0.0671045575
-76.740351211,0.0667833305
-76.7404668566,0.0675800004
-76.768400776,0.064415602
-76.769257382,0.064415602
-76.787623041,0.0686254402
-76.7911185327,0.0670205538
-76.7927960527,0.0665208668
-76.844210404,0.059026123
-76.846209151,0.059026123
-76.8733678493,0.0610856357
-76.8754736723,0.0614068627
-76.8906512141,0.0660870115
-76.9113065268,0.0674292098
-76.9322895252,0.0670054273
-76.9338242782,0.0672552703
-76.9509728825,0.0709116701
-76.9521864075,0.0712328971
-76.9648694462,0.0760243473
-76.9650515527,0.075478028
-76.9665506137,0.075977715
-76.974666242,0.0797254207
-76.9866433858,0.084250195
-76.988399657,0.085128331
-76.9884095464,0.0851074533
-76.9918002784,0.0867135893
-76.9967834264,0.0897908368
-77.0213454829,0.0920416372
-77.0232966409,0.0924699402
-77.0476721825,0.1017918655
-77.0683289553,0.1061038339
-77.079916488,0.1064344774
-77.084317513,0.1070269864
-77.0842772675,0.1073259212
-77.0869684322,0.1079786142
-77.1016891568,0.1073745965
-77.1033424248,0.1076082995
-77.1526604823,0.121978499
-77.1533148333,0.122275932
-77.184022123,0.1400755814
-77.185509284,0.1411463384
-77.2174175231,0.1705637657
-77.2248266091,0.1817638761
-77.230348945,0.181518922
-77.230973554,0.181518922
-77.2332013619,0.1817952199
-77.2341145041,0.181613967
-77.2353843121,0.181541406
-77.2521601885,0.1841465376
-77.2644377316,0.1856692271
-77.2722879476,0.1842837002
-77.2722828907,0.1838975377
-77.2725829187,0.1838936087
-77.2739379068,0.18399249
-77.2752541983,0.1837601707
-77.2760548933,0.1837750787
-77.2855089554,0.184199784
-77.2874479094,0.184338011
-77.2874341119,0.1845315534
-77.2981933079,0.1836562315
-77.3106977152,0.1870061321
-77.3278136877,0.1874511868
-77.331273479,0.1885740255
-77.3363120592,0.1901784496
-77.3513937205,0.1932196274
-77.3514656145,0.1932393104
-77.3778105179,0.2027077872
-77.3778748359,0.2027367282
-77.383782095,0.2061992868
-77.390146951,0.2053850367
-77.4214396628,0.2126097363
-77.4244923886,0.2119230631
-77.4250856637,0.2119230382
-77.4252836628,0.2110552838
-77.4256477138,0.2111383508
-77.4271589153,0.2115334195
-77.4271711348,0.2114848314
-77.4289129332,0.2119228771
-77.4292678828,0.2119228621
-77.4317383703,0.2119227581
-77.4629862508,0.2146529361
-77.4673777868,0.2154264211
-77.4738678048,0.2177353439
-77.475692564,0.2180692628
-77.4864455485,0.2221432753
-77.487304892,0.2222463448
-77.4875312651,0.2206342681
-77.4922521481,0.2212971901
-77.4937658193,0.2215163028
-77.5026586453,0.2228421658
-77.5068265833,0.2236015133
-77.546097118,0.2210342843
-77.6039745382,0.2370335937
-77.6533751981,0.2711707945
-77.667885879,0.2910250522
-77.6687125906,0.2903636829
-77.6704258026,0.2925051979
-77.6759270485,0.3020273925
-77.6888074358,0.3196509988
-77.6891286638,0.3202934528
-77.69108387,0.3282625774
-77.6975057547,0.3393783204
-77.7031183025,0.3642241685
-77.7046924748,0.3638306262
-77.7049423178,0.3648300002
-77.7069629405,0.3812437632
-77.7094336396,0.3921811516
-77.7096120996,0.3946795856
-77.7086256368,0.3947500474
-77.710319633,0.408510584
-77.710319633,0.409759801
-77.7066927082,0.429332965
-77.7075225545,0.4294197468
-77.7073321965,0.4312400338
-77.7044248635,0.441571679
-77.7040463586,0.443614329
-77.704724838,0.4460088934
-77.7039767686,0.4663427497
-77.7051099797,0.4884011729
-77.7028629464,0.4975513405
-77.7030349868,0.5057492378
-77.7027290642,0.5066003583
-77.703209296,0.5087897926
-77.7017246196,0.5258942439
-77.7042323303,0.5271210178
-77.7070671953,0.5298066223
-77.7341949857,0.5384084834
-77.7343332897,0.5384652984
-77.7584503208,0.5505570391
-77.7585661048,0.5506263991
-77.7741524049,0.5611048447
-77.7742511299,0.5611789727
-77.7837121306,0.568794921
-77.7838031476,0.56887339
-77.7947425888,0.5791288573
-77.7948501808,0.5792384873
-77.8023618664,0.5873787433
-77.8025136374,0.5875537173
-77.8059874497,0.591681948
-77.8061998107,0.591942128
-77.8080890203,0.5942967586
-77.8083324823,0.5946054646
-77.8102242342,0.5970469445
-77.8104575612,0.5973534675
-77.8132808358,0.6011655634
-77.8134739918,0.6014336824
-77.8168069223,0.6062615187
-77.8239226372,0.6125580009
-77.8241154982,0.6127483089
-77.8311877101,0.6228297404
-77.8322334464,0.6226596268
-77.8360559264,0.6224351008
-77.8360742787,0.6227475428
-77.8406165197,0.6224093127
-77.8409889723,0.6223135768
-77.8411580513,0.6222989778
-77.8446687463,0.6220303948
-77.8448870013,0.6220158418
-77.8497375903,0.6217580597
-77.8515217673,0.6216873537
-77.8599709844,0.6226648058
-77.8619113681,0.6226650761
-77.8642599401,0.6228137441
-77.8642396092,0.6231349194
-77.8665750323,0.6230056295
-77.8665873669,0.6225665723
-77.8687281489,0.6226267143
-77.8687208412,0.6228868367
-77.8827621097,0.6221095067
-77.8842815797,0.6222571107
-77.8848579117,0.6223140321
-77.8849214447,0.6223204101
-77.9148478029,0.6287625944
-77.9166252996,0.6288951249
-77.9167300876,0.6289196029
-77.9195002749,0.6295898651
-77.9202947899,0.6297887701
-77.9210151272,0.6300902213
-77.9242705129,0.6307910014
-77.9253071139,0.6311391404
-77.9258911521,0.6314168804
-77.92640254,0.6314353937
-77.926574662,0.6314505207
-77.9458803936,0.6368602789
-77.9462255877,0.6350073412
-77.9485892347,0.6354476782
-77.9647410989,0.6392339159
-77.9652917719,0.6393900789
-77.9690869971,0.640581477
-77.9793024987,0.6415610189
-77.9962421023,0.6482469834
-78.0154508936,0.6513597664
-78.0563169476,0.6690507505
-78.0573084276,0.6696349965
-78.0578461585,0.6699518636
-78.0581562058,0.6701345678
-78.0827232069,0.6904946425
-78.0850912278,0.6917893766
-78.0874659908,0.6936312166
-78.1017726448,0.7062819979
-78.1022129327,0.7066468897
-78.1022472621,0.7067016824
-78.1048238653,0.7089800658
-78.109068522,0.7132504679
-78.1147385556,0.7155117376
-78.1148047545,0.7153540625
-78.1154718795,0.7156341505
-78.116976445,0.7164042317
-78.1199559196,0.7175924778
-78.1222405656,0.7186756398
-78.1221677063,0.7188293173
-78.1266523828,0.7203477318
-78.1277138696,0.7207567693
-78.1288108929,0.7210347268
-78.1290332469,0.7211273438
-78.1300589831,0.721558316
-78.1301695901,0.721605191
-78.1306072537,0.7218195097
-78.1339023685,0.7227637876
-78.1343667466,0.7228553104
-78.1362735216,0.7233944624
-78.1362607511,0.723439627
-78.1471193301,0.7265513596
-78.1482344281,0.7269392996
-78.1709217958,0.7379444137
-78.1744038617,0.7395217993
-78.1745043747,0.7395737603
-78.1756473086,0.74023665
-78.1860133987,0.7452649991
-78.1860903297,0.7453141441
-78.1892548446,0.7480906503
-78.1930516567,0.7482989637
-78.2072261196,0.7540890124
-78.2122538522,0.7550050546
-78.2122887749,0.7548909364
-78.2132617757,0.7551886961
-78.2214434912,0.7566793872
-78.2323403768,0.7632300321
-78.2474332173,0.7696054602
-78.2483015483,0.7700825232
-78.2490100851,0.7706008305
-78.2525389199,0.7720002865
-78.2525576655,0.7720061139
-78.2525732005,0.7720138813
-78.2613535202,0.7754959572
-78.2638463042,0.7767423472
-78.2629648215,0.7785053153
-78.2799690651,0.7862403892
-78.2836370131,0.7883058372
-78.282829635,0.7897396283
-78.2881405227,0.7925296636
-78.2964685387,0.7964533361
-78.2968992167,0.7967921171
-78.2977388705,0.7975720841
-78.3043127521,0.8010256239
-78.3049446973,0.8016386355
-78.3056117961,0.8019858227
-78.3060747421,0.8023419357
-78.3090489796,0.8056199501
-78.3152869465,0.8116710224
-78.3168091361,0.812630866
-78.3199096766,0.8161552518
-78.3412194492,0.8368265663
-78.3468224449,0.8467470074
-78.3507975135,0.8512654696
-78.3573850733,0.8654487766
-78.3665056529,0.8815973119
-78.3667549299,0.8822383089
-78.3675669066,0.8873707133
-78.3717374251,0.8963500239
-78.3776806533,0.9008717478
-78.3791085373,0.9027010121
-78.3816664657,0.9043150726
-78.3840970763,0.9070563801
-78.3849648972,0.9075817866
-78.3857247492,0.9082070566
-78.392450479,0.9155115148
-78.4144956717,0.9346355087
-78.4151865117,0.9353998217
-78.4303238317,0.9582912366
-78.4404595464,0.9590042508
-78.4434418684,0.9593024838
-78.4491030957,0.9599592322
-78.4513611407,0.9602574632
-78.497048471,0.9725607517
-78.499093492,0.9734128437
-78.5333721947,0.9923028441
-78.5349485657,0.9934105681
-78.5605933953,1.0166362959
-78.6083315211,1.032804983
-78.6089858721,1.033191645
-78.6454665902,1.0616519989
-78.6515134462,1.0695953918
-78.6615923599,1.0721060821
-78.6634182051,1.0731830803
-78.6669723491,1.0737031057
-78.6673813281,1.0738263347
-78.6913306215,1.0850913871
-78.7023512483,1.0893934466
-78.7024832023,1.0894594726
-78.7057105722,1.0918552985
-78.7128466693,1.0952119114
-78.7130055243,1.0949579254
-78.7140855553,1.0956334284
-78.7148998387,1.0961776627
-78.7151250003,1.0962835722
-78.7172056093,1.0976666502
-78.7171816314,1.097702721
-78.7231439168,1.1016876725
-78.7260106428,1.1037317725
-78.7249963712,1.1051542267
-78.7426721916,1.1183003425
-78.7427867626,1.1183991485
-78.7435326516,1.1190673746
-78.7601207546,1.1300547275
-78.7835931555,1.1576803474
-78.7853595414,1.1596984626
-78.7854584184,1.1598142286
-78.7875907068,1.1623852274
-78.7928373382,1.1685602005
-78.7934338247,1.1698858635
-78.7959064829,1.1732629699
-78.7959924599,1.1733849519
-78.7990877073,1.1779217652
-78.7991697323,1.1780460202
-78.804995806,1.1876644824
-78.8193228543,1.1998458213
-78.8193554263,1.1998768763
-78.828467194,1.2103121237
-78.8359876649,1.216679535
-78.8361235259,1.216829319
-78.8402589737,1.2229660648
-78.8527567226,1.2281227947
-78.8537536546,1.2285872767
-78.8665069626,1.235159638
-78.8668302666,1.235342904
-78.8914423027,1.252126354
-78.8919919997,1.252572044
-78.8920287287,1.2526018293
-78.9106516129,1.2700303718
-78.9108985149,1.2702966578
-78.9229218586,1.2880865923
-78.9303297868,1.2966750474
-78.931766214,1.2979848637
-78.9323088968,1.2988686227
-78.941746358,1.3054418206
-78.9421456311,1.3058479593
-78.9666960151,1.2968977341
-79.0282400779,1.2860040319
-86.39018,1.2860040319
