"zona_nll","rank 8",5595
-78.450,0.237
-78.712,1.791
-78.708,1.788
-78.706,1.785
-78.704,1.782
-78.701,1.781
-78.697,1.78
-78.693,1.78
-78.69,1.782
-78.686,1.783
-78.683,1.786
-78.679,1.787
-78.675,1.787
-78.668,1.786
-78.665,1.786
-78.662,1.786
-78.657,1.787
-78.654,1.788
-78.65,1.789
-78.646,1.79
-78.643,1.791
-78.639,1.791
-78.635,1.791
-78.631,1.791
-78.627,1.791
-78.623,1.791
-78.619,1.792
-78.614,1.793
-78.609,1.793
-78.606,1.793
-78.603,1.793
-78.599,1.791
-78.599,1.786
-78.599,1.782
-78.6,1.777
-78.6,1.773
-78.599,1.769
-78.598,1.766
-78.595,1.764
-78.592,1.767
-78.589,1.768
-78.584,1.768
-78.58,1.766
-78.577,1.763
-78.574,1.759
-78.57,1.757
-78.568,1.757
-78.563,1.759
-78.563,1.763
-78.563,1.767
-78.563,1.77
-78.563,1.774
-78.563,1.778
-78.563,1.781
-78.561,1.785
-78.559,1.788
-78.556,1.792
-78.554,1.795
-78.552,1.798
-78.549,1.802
-78.548,1.806
-78.548,1.81
-78.548,1.815
-78.548,1.819
-78.548,1.824
-78.548,1.828
-78.547,1.832
-78.546,1.836
-78.546,1.84
-78.545,1.843
-78.544,1.847
-78.54,1.851
-78.538,1.855
-78.537,1.859
-78.54,1.861
-78.544,1.864
-78.547,1.866
-78.547,1.87
-78.547,1.874
-78.547,1.877
-78.547,1.881
-78.547,1.884
-78.548,1.888
-78.549,1.892
-78.55,1.895
-78.554,1.898
-78.557,1.9
-78.561,1.901
-78.565,1.901
-78.568,1.902
-78.572,1.902
-78.575,1.902
-78.579,1.9
-78.583,1.898
-78.586,1.897
-78.59,1.896
-78.593,1.895
-78.6,1.9
-78.6,1.902
-78.601,1.905
-78.601,1.907
-78.601,1.908
-78.601,1.91
-78.601,1.912
-78.601,1.913
-78.601,1.915
-78.601,1.917
-78.6,1.918
-78.6,1.92
-78.6,1.923
-78.6,1.924
-78.6,1.926
-78.6,1.928
-78.599,1.929
-78.599,1.931
-78.599,1.933
-78.6,1.934
-78.601,1.936
-78.602,1.937
-78.603,1.939
-78.605,1.941
-78.605,1.943
-78.604,1.945
-78.604,1.946
-78.602,1.948
-78.601,1.949
-78.6,1.951
-78.599,1.952
-78.597,1.953
-78.595,1.954
-78.594,1.955
-78.593,1.957
-78.592,1.959
-78.592,1.96
-78.592,1.962
-78.591,1.964
-78.59,1.966
-78.59,1.968
-78.59,1.97
-78.59,1.971
-78.59,1.974
-78.59,1.975
-78.591,1.977
-78.592,1.978
-78.594,1.979
-78.596,1.98
-78.596,1.982
-78.597,1.984
-78.597,1.986
-78.598,1.988
-78.599,1.989
-78.599,1.99
-78.6,1.993
-78.602,1.994
-78.603,1.995
-78.605,1.996
-78.607,1.997
-78.609,1.997
-78.61,1.997
-78.613,1.998
-78.614,1.998
-78.616,1.999
-78.618,1.999
-78.62,2
-78.621,2
-78.624,2.001
-78.625,2.002
-78.626,2.004
-78.626,2.005
-78.627,2.007
-78.628,2.008
-78.63,2.009
-78.632,2.009
-78.633,2.008
-78.635,2.007
-78.636,2.006
-78.635,2.004
-78.634,2.002
-78.635,2
-78.636,1.999
-78.637,1.997
-78.639,1.997
-78.641,1.995
-78.642,1.994
-78.643,1.993
-78.645,1.992
-78.646,1.991
-78.647,1.989
-78.647,1.987
-78.647,1.986
-78.647,1.984
-78.647,1.982
-78.647,1.98
-78.646,1.979
-78.647,1.977
-78.648,1.976
-78.651,1.976
-78.652,1.976
-78.654,1.977
-78.656,1.978
-78.657,1.979
-78.659,1.98
-78.661,1.98
-78.662,1.979
-78.661,1.978
-78.66,1.977
-78.661,1.976
-78.662,1.974
-78.664,1.973
-78.665,1.973
-78.667,1.972
-78.669,1.972
-78.67,1.972
-78.672,1.973
-78.672,1.974
-78.674,1.976
-78.675,1.978
-78.675,1.98
-78.675,1.982
-78.675,1.983
-78.675,1.985
-78.674,1.987
-78.673,1.988
-78.671,1.989
-78.669,1.99
-78.667,1.99
-78.666,1.992
-78.666,1.994
-78.667,1.996
-78.667,1.997
-78.667,1.999
-78.668,2.003
-78.668,2.005
-78.669,2.007
-78.669,2.009
-78.669,2.011
-78.669,2.013
-78.669,2.015
-78.668,2.017
-78.668,2.019
-78.668,2.021
-78.668,2.023
-78.668,2.025
-78.668,2.027
-78.669,2.029
-78.669,2.031
-78.669,2.033
-78.669,2.035
-78.67,2.036
-78.67,2.038
-78.671,2.039
-78.672,2.041
-78.673,2.043
-78.673,2.045
-78.673,2.046
-78.671,2.048
-78.669,2.048
-78.668,2.047
-78.666,2.047
-78.664,2.046
-78.663,2.046
-78.661,2.046
-78.66,2.048
-78.661,2.049
-78.663,2.05
-78.664,2.051
-78.666,2.051
-78.668,2.052
-78.669,2.053
-78.671,2.054
-78.672,2.055
-78.674,2.056
-78.676,2.057
-78.678,2.058
-78.68,2.059
-78.682,2.073
-78.682,2.075
-78.682,2.077
-78.682,2.079
-78.682,2.081
-78.682,2.083
-78.683,2.084
-78.684,2.086
-78.685,2.088
-78.686,2.09
-78.686,2.091
-78.687,2.093
-78.687,2.093
-78.687,2.096
-78.688,2.098
-78.688,2.1
-78.688,2.102
-78.689,2.104
-78.689,2.105
-78.689,2.107
-78.688,2.109
-78.687,2.11
-78.685,2.11
-78.683,2.11
-78.682,2.11
-78.68,2.11
-78.678,2.11
-78.677,2.109
-78.675,2.109
-78.673,2.107
-78.672,2.106
-78.671,2.103
-78.67,2.103
-78.669,2.1
-78.668,2.098
-78.667,2.096
-78.667,2.095
-78.665,2.094
-78.663,2.094
-78.662,2.093
-78.661,2.095
-78.661,2.096
-78.662,2.098
-78.663,2.1
-78.664,2.102
-78.664,2.104
-78.665,2.105
-78.666,2.107
-78.666,2.109
-78.667,2.11
-78.669,2.112
-78.669,2.113
-78.669,2.115
-78.669,2.117
-78.669,2.119
-78.669,2.12
-78.67,2.122
-78.671,2.122
-78.673,2.123
-78.675,2.124
-78.676,2.125
-78.678,2.125
-78.68,2.126
-78.681,2.126
-78.683,2.126
-78.685,2.125
-78.687,2.123
-78.688,2.122
-78.69,2.12
-78.692,2.12
-78.693,2.118
-78.695,2.117
-78.696,2.116
-78.698,2.115
-78.7,2.115
-78.702,2.115
-78.704,2.116
-78.705,2.117
-78.706,2.119
-78.706,2.12
-78.706,2.122
-78.706,2.125
-78.706,2.127
-78.707,2.129
-78.708,2.13
-78.709,2.132
-78.709,2.133
-78.709,2.135
-78.709,2.137
-78.709,2.139
-78.709,2.142
-78.709,2.144
-78.709,2.146
-78.71,2.148
-78.71,2.15
-78.711,2.153
-78.711,2.156
-78.712,2.157
-78.712,2.159
-78.712,2.161
-78.712,2.163
-78.712,2.164
-78.712,2.166
-78.712,2.168
-78.712,2.17
-78.712,2.172
-78.712,2.174
-78.712,2.175
-78.711,2.178
-78.711,2.179
-78.71,2.181
-78.709,2.182
-78.708,2.184
-78.708,2.185
-78.708,2.19
-78.706,2.192
-78.705,2.194
-78.704,2.197
-78.703,2.198
-78.703,2.2
-78.703,2.203
-78.703,2.205
-78.703,2.207
-78.703,2.209
-78.703,2.211
-78.702,2.213
-78.701,2.214
-78.7,2.216
-78.699,2.217
-78.698,2.218
-78.697,2.22
-78.696,2.222
-78.695,2.224
-78.694,2.225
-78.693,2.226
-78.692,2.228
-78.692,2.229
-78.69,2.231
-78.689,2.234
-78.688,2.236
-78.688,2.238
-78.687,2.239
-78.686,2.241
-78.686,2.243
-78.684,2.244
-78.683,2.245
-78.682,2.247
-78.681,2.248
-78.679,2.249
-78.677,2.249
-78.675,2.248
-78.674,2.247
-78.672,2.246
-78.671,2.246
-78.669,2.246
-78.668,2.248
-78.666,2.249
-78.666,2.25
-78.665,2.251
-78.663,2.253
-78.663,2.255
-78.663,2.257
-78.663,2.259
-78.663,2.261
-78.663,2.264
-78.663,2.265
-78.663,2.267
-78.663,2.269
-78.663,2.27
-78.663,2.273
-78.663,2.275
-78.663,2.278
-78.663,2.28
-78.663,2.282
-78.662,2.284
-78.661,2.286
-78.66,2.288
-78.659,2.29
-78.658,2.291
-78.656,2.293
-78.654,2.294
-78.654,2.295
-78.652,2.297
-78.65,2.298
-78.649,2.3
-78.648,2.302
-78.647,2.303
-78.646,2.305
-78.645,2.306
-78.643,2.308
-78.643,2.31
-78.642,2.313
-78.642,2.315
-78.642,2.318
-78.641,2.32
-78.641,2.322
-78.64,2.324
-78.64,2.326
-78.639,2.328
-78.637,2.33
-78.637,2.332
-78.636,2.334
-78.635,2.336
-78.634,2.338
-78.634,2.339
-78.633,2.341
-78.632,2.344
-78.632,2.346
-78.631,2.348
-78.63,2.35
-78.629,2.352
-78.628,2.354
-78.628,2.357
-78.627,2.358
-78.626,2.36
-78.625,2.362
-78.624,2.364
-78.624,2.366
-78.623,2.368
-78.623,2.369
-78.623,2.372
-78.623,2.373
-78.622,2.375
-78.621,2.377
-78.62,2.379
-78.618,2.381
-78.617,2.383
-78.616,2.384
-78.615,2.386
-78.614,2.387
-78.613,2.389
-78.611,2.39
-78.609,2.391
-78.608,2.392
-78.606,2.393
-78.605,2.394
-78.603,2.396
-78.602,2.397
-78.6,2.399
-78.6,2.4
-78.598,2.404
-78.598,2.405
-78.596,2.407
-78.594,2.409
-78.593,2.411
-78.593,2.412
-78.593,2.412
-78.592,2.414
-78.592,2.415
-78.592,2.416
-78.592,2.417
-78.591,2.418
-78.591,2.42
-78.59,2.421
-78.589,2.422
-78.588,2.423
-78.587,2.424
-78.586,2.426
-78.585,2.427
-78.585,2.428
-78.584,2.429
-78.583,2.431
-78.583,2.432
-78.582,2.433
-78.581,2.434
-78.581,2.435
-78.58,2.437
-78.579,2.438
-78.579,2.44
-78.578,2.441
-78.577,2.442
-78.576,2.444
-78.576,2.445
-78.575,2.446
-78.574,2.447
-78.573,2.448
-78.572,2.449
-78.571,2.45
-78.571,2.45
-78.569,2.451
-78.568,2.451
-78.567,2.45
-78.566,2.449
-78.566,2.448
-78.567,2.446
-78.567,2.445
-78.567,2.444
-78.567,2.443
-78.568,2.442
-78.568,2.441
-78.568,2.44
-78.569,2.439
-78.569,2.438
-78.57,2.437
-78.571,2.436
-78.572,2.434
-78.573,2.433
-78.573,2.432
-78.573,2.431
-78.573,2.429
-78.572,2.429
-78.571,2.429
-78.57,2.429
-78.569,2.43
-78.569,2.43
-78.568,2.432
-78.567,2.433
-78.567,2.434
-78.566,2.435
-78.565,2.435
-78.564,2.435
-78.563,2.434
-78.562,2.433
-78.562,2.432
-78.561,2.43
-78.561,2.429
-78.56,2.428
-78.559,2.427
-78.559,2.427
-78.558,2.426
-78.556,2.426
-78.554,2.426
-78.553,2.426
-78.552,2.427
-78.551,2.428
-78.55,2.429
-78.549,2.43
-78.549,2.431
-78.549,2.432
-78.55,2.434
-78.55,2.435
-78.55,2.436
-78.551,2.438
-78.551,2.438
-78.553,2.439
-78.554,2.439
-78.555,2.439
-78.556,2.44
-78.557,2.441
-78.557,2.443
-78.557,2.444
-78.557,2.445
-78.557,2.446
-78.557,2.448
-78.557,2.449
-78.556,2.449
-78.555,2.449
-78.553,2.449
-78.552,2.449
-78.551,2.449
-78.55,2.45
-78.549,2.451
-78.549,2.452
-78.549,2.453
-78.55,2.454
-78.551,2.455
-78.552,2.455
-78.553,2.456
-78.554,2.456
-78.555,2.456
-78.556,2.457
-78.556,2.459
-78.556,2.461
-78.556,2.462
-78.556,2.463
-78.556,2.464
-78.556,2.465
-78.556,2.466
-78.556,2.467
-78.555,2.469
-78.555,2.471
-78.554,2.472
-78.554,2.473
-78.553,2.474
-78.553,2.475
-78.552,2.477
-78.552,2.479
-78.551,2.48
-78.551,2.482
-78.551,2.483
-78.551,2.485
-78.55,2.486
-78.55,2.487
-78.55,2.489
-78.549,2.49
-78.549,2.492
-78.548,2.492
-78.548,2.493
-78.546,2.494
-78.545,2.495
-78.545,2.495
-78.543,2.496
-78.542,2.497
-78.54,2.497
-78.539,2.498
-78.539,2.498
-78.537,2.499
-78.536,2.5
-78.535,2.5
-78.534,2.501
-78.532,2.502
-78.531,2.502
-78.529,2.503
-78.528,2.503
-78.527,2.503
-78.526,2.503
-78.526,2.502
-78.526,2.501
-78.526,2.5
-78.525,2.5
-78.524,2.5
-78.524,2.5
-78.523,2.5
-78.522,2.5
-78.521,2.5
-78.52,2.5
-78.52,2.5
-78.519,2.5
-78.519,2.5
-78.518,2.501
-78.517,2.501
-78.517,2.501
-78.516,2.501
-78.514,2.501
-78.513,2.501
-78.513,2.501
-78.512,2.502
-78.511,2.502
-78.51,2.502
-78.509,2.502
-78.508,2.503
-78.508,2.503
-78.508,2.504
-78.508,2.505
-78.507,2.506
-78.507,2.507
-78.507,2.507
-78.507,2.508
-78.507,2.509
-78.507,2.51
-78.507,2.51
-78.507,2.511
-78.507,2.512
-78.507,2.513
-78.508,2.514
-78.508,2.515
-78.508,2.516
-78.508,2.517
-78.508,2.518
-78.507,2.519
-78.507,2.52
-78.507,2.521
-78.507,2.522
-78.507,2.522
-78.506,2.523
-78.506,2.524
-78.505,2.525
-78.505,2.526
-78.505,2.526
-78.504,2.527
-78.504,2.528
-78.503,2.529
-78.502,2.53
-78.501,2.531
-78.501,2.531
-78.5,2.532
-78.499,2.533
-78.499,2.534
-78.499,2.534
-78.498,2.535
-78.497,2.536
-78.496,2.536
-78.496,2.537
-78.495,2.538
-78.495,2.538
-78.494,2.539
-78.493,2.54
-78.492,2.541
-78.491,2.542
-78.491,2.543
-78.491,2.543
-78.49,2.544
-78.49,2.545
-78.489,2.546
-78.488,2.546
-78.488,2.547
-78.487,2.548
-78.487,2.548
-78.486,2.549
-78.485,2.549
-78.484,2.55
-78.484,2.55
-78.483,2.551
-78.482,2.551
-78.481,2.552
-78.48,2.552
-78.479,2.553
-78.479,2.554
-78.478,2.554
-78.477,2.555
-78.476,2.555
-78.475,2.556
-78.474,2.556
-78.474,2.556
-78.473,2.557
-78.472,2.557
-78.471,2.557
-78.471,2.557
-78.47,2.558
-78.468,2.559
-78.468,2.559
-78.467,2.56
-78.466,2.56
-78.466,2.561
-78.466,2.562
-78.466,2.563
-78.462,2.57
-78.46,2.574
-78.458,2.574
-78.457,2.575
-78.456,2.576
-78.454,2.576
-78.453,2.576
-78.452,2.577
-78.452,2.578
-78.452,2.579
-78.452,2.581
-78.452,2.582
-78.452,2.584
-78.452,2.585
-78.452,2.586
-78.452,2.587
-78.451,2.588
-78.451,2.589
-78.451,2.591
-78.45,2.592
-78.45,2.593
-78.449,2.594
-78.449,2.595
-78.448,2.595
-78.447,2.596
-78.445,2.597
-78.443,2.597
-78.442,2.597
-78.441,2.597
-78.439,2.598
-78.437,2.599
-78.436,2.599
-78.435,2.6
-78.433,2.6
-78.432,2.6
-78.43,2.601
-78.429,2.602
-78.428,2.602
-78.427,2.602
-78.425,2.603
-78.423,2.604
-78.422,2.604
-78.421,2.604
-78.419,2.604
-78.418,2.605
-78.416,2.605
-78.415,2.605
-78.414,2.605
-78.413,2.605
-78.412,2.605
-78.411,2.605
-78.409,2.606
-78.407,2.606
-78.406,2.606
-78.405,2.607
-78.403,2.607
-78.402,2.608
-78.4,2.608
-78.399,2.609
-78.398,2.609
-78.396,2.61
-78.395,2.611
-78.393,2.612
-78.392,2.613
-78.391,2.613
-78.389,2.614
-78.388,2.615
-78.387,2.617
-78.386,2.618
-78.384,2.619
-78.384,2.621
-78.383,2.622
-78.383,2.623
-78.382,2.625
-78.382,2.625
-78.381,2.627
-78.38,2.628
-78.379,2.629
-78.378,2.631
-78.376,2.632
-78.375,2.633
-78.374,2.634
-78.372,2.635
-78.371,2.636
-78.369,2.637
-78.368,2.638
-78.366,2.639
-78.365,2.64
-78.363,2.641
-78.362,2.641
-78.361,2.642
-78.36,2.643
-78.358,2.645
-78.356,2.645
-78.355,2.646
-78.354,2.647
-78.352,2.647
-78.349,2.648
-78.347,2.649
-78.345,2.649
-78.343,2.65
-78.341,2.65
-78.339,2.651
-78.339,2.652
-78.337,2.652
-78.336,2.653
-78.334,2.654
-78.333,2.654
-78.328,2.655
-78.328,2.655
-78.326,2.655
-78.325,2.655
-78.324,2.656
-78.322,2.656
-78.32,2.657
-78.319,2.657
-78.318,2.657
-78.316,2.657
-78.315,2.657
-78.313,2.657
-78.311,2.657
-78.311,2.657
-78.308,2.657
-78.308,2.657
-78.306,2.658
-78.305,2.658
-78.303,2.658
-78.302,2.658
-78.302,2.658
-78.3,2.658
-78.299,2.657
-78.297,2.657
-78.296,2.657
-78.294,2.657
-78.292,2.657
-78.291,2.656
-78.289,2.656
-78.288,2.656
-78.286,2.656
-78.285,2.656
-78.285,2.656
-78.284,2.656
-78.282,2.656
-78.28,2.656
-78.278,2.656
-78.277,2.656
-78.275,2.657
-78.274,2.657
-78.272,2.657
-78.271,2.658
-78.269,2.659
-78.268,2.659
-78.267,2.66
-78.266,2.66
-78.265,2.66
-78.263,2.66
-78.262,2.661
-78.261,2.661
-78.259,2.661
-78.258,2.662
-78.257,2.662
-78.255,2.662
-78.254,2.663
-78.253,2.663
-78.251,2.663
-78.249,2.663
-78.249,2.664
-78.247,2.664
-78.246,2.665
-78.245,2.665
-78.243,2.665
-78.242,2.666
-78.241,2.666
-78.239,2.666
-78.239,2.666
-78.237,2.666
-78.236,2.666
-78.235,2.666
-78.233,2.666
-78.231,2.666
-78.23,2.667
-78.229,2.667
-78.228,2.667
-78.226,2.667
-78.225,2.667
-78.223,2.667
-78.222,2.667
-78.221,2.667
-78.22,2.668
-78.218,2.668
-78.216,2.669
-78.215,2.669
-78.213,2.669
-78.212,2.669
-78.21,2.669
-78.208,2.669
-78.206,2.669
-78.205,2.67
-78.203,2.67
-78.201,2.67
-78.2,2.67
-78.199,2.67
-78.197,2.67
-78.195,2.671
-78.194,2.671
-78.192,2.671
-78.191,2.671
-78.19,2.671
-78.189,2.672
-78.186,2.672
-78.184,2.672
-78.182,2.672
-78.181,2.672
-78.18,2.673
-78.179,2.673
-78.175,2.674
-78.174,2.675
-78.173,2.676
-78.171,2.676
-78.17,2.676
-78.168,2.677
-78.166,2.677
-78.166,2.678
-78.165,2.678
-78.163,2.678
-78.16,2.679
-78.16,2.679
-78.158,2.68
-78.157,2.681
-78.155,2.682
-78.153,2.683
-78.152,2.684
-78.151,2.684
-78.15,2.683
-78.149,2.683
-78.147,2.683
-78.145,2.682
-78.144,2.682
-78.143,2.682
-78.142,2.681
-78.141,2.68
-78.141,2.678
-78.141,2.677
-78.141,2.675
-78.141,2.674
-78.142,2.673
-78.142,2.671
-78.142,2.671
-78.142,2.669
-78.141,2.668
-78.14,2.666
-78.139,2.665
-78.138,2.664
-78.137,2.663
-78.136,2.663
-78.135,2.661
-78.135,2.66
-78.134,2.659
-78.134,2.657
-78.134,2.655
-78.135,2.654
-78.136,2.652
-78.136,2.651
-78.137,2.65
-78.137,2.649
-78.138,2.648
-78.138,2.647
-78.137,2.646
-78.136,2.646
-78.134,2.645
-78.133,2.644
-78.132,2.644
-78.131,2.643
-78.13,2.643
-78.128,2.642
-78.127,2.642
-78.126,2.642
-78.125,2.642
-78.124,2.642
-78.122,2.642
-78.121,2.642
-78.119,2.642
-78.119,2.642
-78.117,2.642
-78.116,2.642
-78.114,2.643
-78.113,2.643
-78.111,2.644
-78.11,2.645
-78.109,2.645
-78.107,2.646
-78.106,2.646
-78.104,2.647
-78.103,2.648
-78.103,2.648
-78.101,2.648
-78.098,2.648
-78.097,2.648
-78.096,2.647
-78.094,2.646
-78.093,2.645
-78.092,2.644
-78.09,2.643
-78.089,2.642
-78.088,2.641
-78.087,2.64
-78.086,2.639
-78.085,2.638
-78.084,2.637
-78.083,2.636
-78.082,2.634
-78.082,2.633
-78.081,2.632
-78.08,2.63
-78.079,2.629
-78.077,2.627
-78.076,2.626
-78.074,2.625
-78.073,2.624
-78.071,2.623
-78.069,2.623
-78.067,2.623
-78.065,2.623
-78.063,2.623
-78.062,2.623
-78.061,2.623
-78.059,2.623
-78.058,2.623
-78.056,2.623
-78.055,2.624
-78.054,2.625
-78.053,2.626
-78.051,2.627
-78.05,2.628
-78.05,2.629
-78.049,2.63
-78.049,2.631
-78.048,2.632
-78.046,2.634
-78.045,2.635
-78.045,2.636
-78.044,2.638
-78.043,2.639
-78.042,2.64
-78.041,2.641
-78.041,2.642
-78.04,2.644
-78.039,2.644
-78.038,2.646
-78.036,2.647
-78.036,2.648
-78.034,2.648
-78.033,2.649
-78.032,2.649
-78.03,2.648
-78.029,2.648
-78.028,2.647
-78.027,2.646
-78.026,2.646
-78.024,2.645
-78.023,2.645
-78.022,2.645
-78.02,2.646
-78.019,2.646
-78.018,2.645
-78.016,2.647
-78.014,2.648
-78.012,2.649
-78.012,2.65
-78.012,2.651
-78.011,2.652
-78.01,2.653
-78.008,2.653
-78.005,2.653
-78.004,2.653
-78.003,2.653
-78.001,2.653
-78,2.653
-77.999,2.654
-77.997,2.654
-77.996,2.655
-77.994,2.656
-77.993,2.656
-77.992,2.657
-77.991,2.658
-77.99,2.658
-77.989,2.658
-77.986,2.659
-77.983,2.659
-77.982,2.659
-77.981,2.66
-77.979,2.66
-77.979,2.66
-77.978,2.66
-77.976,2.66
-77.975,2.66
-77.974,2.66
-77.972,2.66
-77.971,2.66
-77.97,2.659
-77.969,2.658
-77.967,2.657
-77.966,2.656
-77.964,2.655
-77.964,2.655
-77.962,2.654
-77.96,2.653
-77.96,2.653
-77.958,2.652
-77.956,2.651
-77.954,2.65
-77.953,2.65
-77.952,2.65
-77.951,2.649
-77.949,2.649
-77.946,2.648
-77.946,2.648
-77.944,2.649
-77.942,2.649
-77.94,2.65
-77.939,2.651
-77.938,2.651
-77.937,2.652
-77.936,2.653
-77.935,2.653
-77.934,2.654
-77.933,2.656
-77.932,2.656
-77.931,2.657
-77.931,2.658
-77.931,2.659
-77.93,2.662
-77.928,2.663
-77.927,2.664
-77.926,2.665
-77.925,2.666
-77.923,2.667
-77.922,2.668
-77.92,2.669
-77.92,2.669
-77.918,2.67
-77.917,2.67
-77.914,2.671
-77.911,2.673
-77.909,2.674
-77.908,2.675
-77.908,2.676
-77.908,2.678
-77.907,2.679
-77.906,2.681
-77.906,2.681
-77.905,2.682
-77.904,2.683
-77.902,2.684
-77.902,2.684
-77.9,2.685
-77.899,2.685
-77.898,2.685
-77.895,2.685
-77.894,2.685
-77.893,2.685
-77.892,2.686
-77.89,2.685
-77.889,2.685
-77.887,2.685
-77.885,2.685
-77.884,2.685
-77.883,2.686
-77.883,2.688
-77.882,2.688
-77.882,2.69
-77.881,2.691
-77.88,2.692
-77.879,2.694
-77.877,2.694
-77.877,2.695
-77.876,2.695
-77.874,2.696
-77.873,2.696
-77.872,2.696
-77.87,2.697
-77.869,2.697
-77.867,2.698
-77.866,2.698
-77.865,2.698
-77.863,2.698
-77.863,2.698
-77.861,2.698
-77.859,2.697
-77.858,2.697
-77.857,2.695
-77.856,2.694
-77.855,2.692
-77.854,2.691
-77.853,2.69
-77.853,2.689
-77.852,2.687
-77.851,2.686
-77.849,2.687
-77.848,2.687
-77.846,2.688
-77.845,2.689
-77.845,2.69
-77.845,2.691
-77.845,2.693
-77.845,2.694
-77.845,2.695
-77.845,2.697
-77.845,2.697
-77.845,2.699
-77.845,2.7
-77.845,2.702
-77.843,2.703
-77.842,2.703
-77.84,2.704
-77.838,2.704
-77.837,2.704
-77.835,2.703
-77.834,2.702
-77.833,2.702
-77.832,2.701
-77.831,2.7
-77.829,2.699
-77.828,2.698
-77.827,2.697
-77.826,2.696
-77.825,2.694
-77.824,2.693
-77.824,2.693
-77.822,2.692
-77.821,2.691
-77.818,2.691
-77.817,2.691
-77.814,2.691
-77.812,2.691
-77.811,2.691
-77.809,2.69
-77.808,2.69
-77.806,2.689
-77.805,2.689
-77.804,2.688
-77.802,2.688
-77.8,2.687
-77.799,2.687
-77.797,2.686
-77.795,2.686
-77.793,2.687
-77.792,2.687
-77.79,2.687
-77.789,2.688
-77.788,2.689
-77.788,2.691
-77.788,2.692
-77.788,2.693
-77.789,2.695
-77.789,2.696
-77.789,2.697
-77.79,2.698
-77.79,2.7
-77.792,2.701
-77.793,2.701
-77.794,2.702
-77.795,2.704
-77.796,2.705
-77.796,2.707
-77.797,2.708
-77.797,2.709
-77.796,2.711
-77.795,2.711
-77.795,2.713
-77.793,2.714
-77.793,2.716
-77.792,2.718
-77.792,2.719
-77.792,2.72
-77.792,2.722
-77.792,2.724
-77.792,2.725
-77.792,2.726
-77.793,2.727
-77.794,2.728
-77.796,2.728
-77.797,2.727
-77.798,2.726
-77.799,2.726
-77.801,2.727
-77.801,2.728
-77.801,2.729
-77.801,2.73
-77.8,2.732
-77.8,2.733
-77.8,2.734
-77.8,2.735
-77.799,2.735
-77.799,2.736
-77.799,2.736
-77.799,2.737
-77.799,2.737
-77.799,2.738
-77.799,2.738
-77.799,2.739
-77.799,2.74
-77.799,2.74
-77.799,2.741
-77.798,2.741
-77.799,2.742
-77.799,2.743
-77.798,2.744
-77.798,2.745
-77.798,2.745
-77.798,2.746
-77.798,2.747
-77.798,2.748
-77.797,2.749
-77.797,2.749
-77.797,2.75
-77.797,2.75
-77.797,2.751
-77.797,2.752
-77.796,2.752
-77.796,2.753
-77.795,2.753
-77.795,2.754
-77.795,2.754
-77.795,2.755
-77.794,2.756
-77.794,2.757
-77.794,2.758
-77.794,2.758
-77.794,2.759
-77.794,2.759
-77.793,2.76
-77.793,2.76
-77.793,2.76
-77.792,2.761
-77.791,2.761
-77.791,2.761
-77.79,2.761
-77.789,2.762
-77.789,2.762
-77.788,2.762
-77.788,2.762
-77.787,2.762
-77.785,2.762
-77.785,2.763
-77.784,2.763
-77.784,2.762
-77.784,2.762
-77.784,2.761
-77.784,2.761
-77.784,2.76
-77.784,2.759
-77.783,2.759
-77.783,2.759
-77.782,2.758
-77.782,2.758
-77.781,2.758
-77.78,2.758
-77.779,2.758
-77.779,2.758
-77.779,2.759
-77.778,2.759
-77.777,2.759
-77.777,2.759
-77.776,2.759
-77.776,2.76
-77.775,2.76
-77.775,2.76
-77.774,2.761
-77.774,2.761
-77.773,2.761
-77.773,2.761
-77.772,2.761
-77.771,2.762
-77.771,2.762
-77.77,2.763
-77.769,2.763
-77.769,2.763
-77.768,2.763
-77.767,2.764
-77.767,2.764
-77.766,2.764
-77.766,2.765
-77.765,2.765
-77.765,2.765
-77.764,2.764
-77.763,2.764
-77.762,2.763
-77.762,2.763
-77.762,2.763
-77.76,2.762
-77.759,2.762
-77.758,2.761
-77.758,2.761
-77.757,2.761
-77.756,2.761
-77.755,2.761
-77.754,2.76
-77.753,2.76
-77.753,2.761
-77.752,2.761
-77.752,2.762
-77.752,2.762
-77.752,2.763
-77.752,2.763
-77.751,2.764
-77.751,2.765
-77.751,2.765
-77.751,2.766
-77.751,2.766
-77.751,2.767
-77.751,2.768
-77.751,2.768
-77.751,2.769
-77.75,2.77
-77.75,2.77
-77.75,2.771
-77.75,2.771
-77.749,2.772
-77.749,2.773
-77.748,2.773
-77.748,2.774
-77.747,2.774
-77.747,2.775
-77.746,2.775
-77.745,2.776
-77.745,2.776
-77.744,2.777
-77.743,2.777
-77.743,2.777
-77.742,2.777
-77.742,2.776
-77.741,2.776
-77.74,2.776
-77.739,2.775
-77.738,2.775
-77.737,2.774
-77.737,2.773
-77.736,2.773
-77.736,2.773
-77.735,2.773
-77.734,2.772
-77.733,2.771
-77.732,2.771
-77.731,2.771
-77.731,2.771
-77.729,2.77
-77.728,2.77
-77.727,2.77
-77.726,2.769
-77.725,2.769
-77.724,2.769
-77.723,2.769
-77.723,2.769
-77.722,2.769
-77.721,2.769
-77.721,2.769
-77.72,2.769
-77.719,2.769
-77.719,2.769
-77.718,2.77
-77.718,2.77
-77.717,2.77
-77.717,2.771
-77.717,2.772
-77.717,2.772
-77.717,2.773
-77.717,2.773
-77.717,2.774
-77.717,2.775
-77.717,2.775
-77.717,2.776
-77.717,2.777
-77.717,2.778
-77.717,2.778
-77.717,2.779
-77.717,2.779
-77.718,2.78
-77.719,2.78
-77.719,2.78
-77.72,2.779
-77.72,2.779
-77.721,2.779
-77.722,2.779
-77.722,2.779
-77.723,2.779
-77.724,2.779
-77.724,2.779
-77.725,2.779
-77.725,2.779
-77.726,2.778
-77.727,2.778
-77.728,2.778
-77.728,2.778
-77.729,2.778
-77.729,2.778
-77.73,2.779
-77.73,2.78
-77.73,2.78
-77.73,2.781
-77.73,2.781
-77.73,2.782
-77.73,2.782
-77.73,2.783
-77.731,2.783
-77.731,2.783
-77.732,2.784
-77.733,2.784
-77.733,2.784
-77.734,2.784
-77.734,2.785
-77.735,2.785
-77.735,2.785
-77.736,2.786
-77.737,2.786
-77.737,2.786
-77.738,2.787
-77.738,2.788
-77.739,2.788
-77.739,2.789
-77.74,2.789
-77.74,2.789
-77.74,2.789
-77.741,2.79
-77.741,2.79
-77.741,2.791
-77.742,2.791
-77.742,2.791
-77.742,2.79
-77.742,2.79
-77.742,2.789
-77.742,2.789
-77.743,2.789
-77.744,2.789
-77.744,2.789
-77.745,2.789
-77.745,2.789
-77.746,2.789
-77.746,2.79
-77.747,2.79
-77.748,2.79
-77.748,2.79
-77.749,2.79
-77.75,2.791
-77.75,2.791
-77.751,2.791
-77.751,2.791
-77.752,2.791
-77.753,2.791
-77.753,2.791
-77.754,2.792
-77.755,2.792
-77.756,2.792
-77.756,2.792
-77.757,2.792
-77.757,2.792
-77.758,2.792
-77.758,2.792
-77.758,2.791
-77.759,2.791
-77.76,2.791
-77.76,2.791
-77.761,2.791
-77.761,2.791
-77.762,2.791
-77.762,2.792
-77.763,2.792
-77.763,2.792
-77.764,2.793
-77.764,2.793
-77.764,2.794
-77.765,2.794
-77.765,2.795
-77.765,2.795
-77.765,2.796
-77.765,2.796
-77.765,2.797
-77.765,2.797
-77.764,2.798
-77.764,2.798
-77.763,2.799
-77.763,2.8
-77.763,2.8
-77.762,2.801
-77.762,2.801
-77.762,2.801
-77.762,2.802
-77.761,2.802
-77.76,2.803
-77.76,2.803
-77.76,2.804
-77.759,2.804
-77.759,2.805
-77.759,2.805
-77.758,2.805
-77.757,2.806
-77.757,2.806
-77.756,2.806
-77.756,2.807
-77.755,2.807
-77.755,2.808
-77.754,2.808
-77.754,2.809
-77.753,2.809
-77.753,2.809
-77.752,2.81
-77.752,2.81
-77.751,2.81
-77.751,2.811
-77.75,2.812
-77.75,2.812
-77.749,2.813
-77.749,2.813
-77.748,2.814
-77.748,2.814
-77.748,2.814
-77.747,2.815
-77.747,2.815
-77.746,2.816
-77.745,2.816
-77.745,2.816
-77.744,2.817
-77.743,2.817
-77.743,2.817
-77.742,2.818
-77.742,2.818
-77.742,2.818
-77.741,2.819
-77.741,2.82
-77.741,2.82
-77.739,2.821
-77.739,2.822
-77.738,2.822
-77.738,2.822
-77.738,2.822
-77.738,2.822
-77.737,2.822
-77.737,2.822
-77.737,2.823
-77.737,2.823
-77.737,2.823
-77.737,2.823
-77.736,2.823
-77.736,2.823
-77.736,2.823
-77.736,2.823
-77.736,2.823
-77.735,2.823
-77.735,2.823
-77.735,2.823
-77.734,2.823
-77.734,2.823
-77.733,2.823
-77.733,2.823
-77.733,2.823
-77.732,2.823
-77.732,2.824
-77.731,2.824
-77.731,2.824
-77.73,2.824
-77.73,2.824
-77.73,2.824
-77.729,2.824
-77.729,2.824
-77.728,2.824
-77.728,2.824
-77.727,2.824
-77.727,2.823
-77.727,2.823
-77.726,2.823
-77.726,2.823
-77.726,2.823
-77.725,2.823
-77.725,2.823
-77.725,2.823
-77.724,2.823
-77.724,2.823
-77.724,2.824
-77.723,2.824
-77.723,2.824
-77.723,2.824
-77.722,2.824
-77.722,2.824
-77.722,2.824
-77.722,2.824
-77.722,2.825
-77.721,2.825
-77.721,2.825
-77.721,2.825
-77.721,2.825
-77.721,2.825
-77.72,2.825
-77.72,2.825
-77.72,2.826
-77.72,2.826
-77.72,2.826
-77.72,2.826
-77.72,2.826
-77.72,2.826
-77.72,2.826
-77.72,2.827
-77.72,2.827
-77.72,2.827
-77.72,2.827
-77.719,2.827
-77.719,2.828
-77.719,2.828
-77.719,2.829
-77.719,2.829
-77.719,2.829
-77.719,2.829
-77.719,2.83
-77.719,2.83
-77.719,2.83
-77.719,2.83
-77.718,2.83
-77.718,2.831
-77.718,2.831
-77.718,2.831
-77.718,2.831
-77.718,2.831
-77.718,2.831
-77.717,2.831
-77.717,2.831
-77.717,2.831
-77.717,2.831
-77.717,2.831
-77.717,2.831
-77.717,2.832
-77.717,2.832
-77.717,2.832
-77.717,2.832
-77.717,2.832
-77.717,2.832
-77.717,2.832
-77.717,2.832
-77.717,2.832
-77.717,2.833
-77.717,2.833
-77.717,2.834
-77.716,2.834
-77.716,2.834
-77.716,2.834
-77.716,2.835
-77.715,2.835
-77.715,2.835
-77.715,2.835
-77.715,2.835
-77.714,2.835
-77.714,2.836
-77.714,2.836
-77.714,2.836
-77.714,2.836
-77.714,2.837
-77.714,2.837
-77.714,2.837
-77.714,2.837
-77.714,2.837
-77.714,2.838
-77.713,2.838
-77.713,2.839
-77.713,2.839
-77.713,2.84
-77.713,2.84
-77.712,2.84
-77.712,2.841
-77.712,2.841
-77.712,2.842
-77.712,2.842
-77.712,2.842
-77.712,2.843
-77.712,2.843
-77.712,2.843
-77.712,2.843
-77.711,2.844
-77.711,2.844
-77.711,2.844
-77.711,2.844
-77.711,2.845
-77.711,2.845
-77.711,2.845
-77.71,2.846
-77.71,2.846
-77.71,2.846
-77.71,2.847
-77.71,2.847
-77.71,2.847
-77.71,2.848
-77.71,2.848
-77.709,2.849
-77.709,2.849
-77.709,2.849
-77.709,2.85
-77.709,2.85
-77.709,2.851
-77.709,2.851
-77.709,2.852
-77.708,2.852
-77.708,2.852
-77.708,2.853
-77.708,2.853
-77.708,2.854
-77.708,2.854
-77.708,2.854
-77.708,2.854
-77.708,2.854
-77.708,2.855
-77.708,2.855
-77.708,2.855
-77.708,2.855
-77.708,2.856
-77.708,2.856
-77.707,2.856
-77.707,2.856
-77.707,2.856
-77.707,2.857
-77.707,2.857
-77.707,2.857
-77.707,2.857
-77.707,2.858
-77.707,2.858
-77.707,2.858
-77.707,2.859
-77.707,2.859
-77.707,2.859
-77.707,2.859
-77.707,2.86
-77.707,2.86
-77.707,2.86
-77.707,2.861
-77.707,2.861
-77.707,2.861
-77.708,2.861
-77.708,2.861
-77.708,2.861
-77.708,2.861
-77.708,2.861
-77.708,2.861
-77.708,2.862
-77.708,2.862
-77.708,2.862
-77.708,2.863
-77.708,2.863
-77.708,2.863
-77.708,2.863
-77.708,2.863
-77.708,2.864
-77.707,2.864
-77.707,2.864
-77.707,2.865
-77.707,2.865
-77.707,2.866
-77.707,2.866
-77.707,2.867
-77.707,2.867
-77.706,2.867
-77.706,2.868
-77.706,2.868
-77.706,2.869
-77.706,2.869
-77.706,2.87
-77.705,2.87
-77.705,2.871
-77.705,2.871
-77.705,2.872
-77.705,2.872
-77.705,2.872
-77.705,2.873
-77.704,2.874
-77.704,2.875
-77.704,2.875
-77.704,2.876
-77.703,2.877
-77.703,2.878
-77.703,2.879
-77.703,2.88
-77.703,2.881
-77.702,2.882
-77.702,2.882
-77.702,2.883
-77.701,2.884
-77.701,2.885
-77.701,2.886
-77.701,2.887
-77.7,2.887
-77.7,2.888
-77.7,2.888
-77.7,2.889
-77.7,2.889
-77.7,2.889
-77.7,2.89
-77.699,2.891
-77.699,2.891
-77.699,2.892
-77.699,2.892
-77.699,2.892
-77.699,2.893
-77.699,2.894
-77.699,2.894
-77.699,2.895
-77.699,2.895
-77.699,2.896
-77.699,2.896
-77.699,2.897
-77.699,2.897
-77.699,2.898
-77.699,2.898
-77.699,2.899
-77.698,2.899
-77.698,2.9
-77.698,2.9
-77.697,2.9
-77.697,2.901
-77.697,2.901
-77.697,2.901
-77.696,2.901
-77.696,2.902
-77.696,2.902
-77.695,2.902
-77.695,2.902
-77.694,2.902
-77.694,2.902
-77.694,2.902
-77.693,2.902
-77.693,2.902
-77.692,2.902
-77.692,2.902
-77.692,2.902
-77.691,2.902
-77.691,2.903
-77.69,2.903
-77.69,2.903
-77.689,2.903
-77.689,2.903
-77.689,2.904
-77.689,2.904
-77.689,2.905
-77.689,2.905
-77.69,2.905
-77.69,2.905
-77.69,2.906
-77.69,2.906
-77.691,2.906
-77.691,2.907
-77.691,2.907
-77.691,2.908
-77.691,2.909
-77.692,2.909
-77.692,2.909
-77.691,2.91
-77.691,2.91
-77.691,2.911
-77.691,2.911
-77.691,2.912
-77.692,2.912
-77.692,2.912
-77.692,2.913
-77.692,2.913
-77.692,2.914
-77.692,2.914
-77.691,2.915
-77.691,2.915
-77.691,2.916
-77.691,2.916
-77.691,2.917
-77.69,2.917
-77.69,2.917
-77.69,2.918
-77.69,2.918
-77.69,2.919
-77.689,2.919
-77.689,2.92
-77.689,2.921
-77.689,2.921
-77.688,2.921
-77.688,2.921
-77.688,2.922
-77.687,2.922
-77.687,2.922
-77.687,2.923
-77.687,2.923
-77.686,2.923
-77.686,2.924
-77.686,2.924
-77.686,2.925
-77.685,2.925
-77.685,2.926
-77.685,2.927
-77.685,2.927
-77.684,2.927
-77.684,2.928
-77.684,2.928
-77.684,2.929
-77.683,2.929
-77.683,2.93
-77.683,2.93
-77.682,2.931
-77.682,2.932
-77.682,2.932
-77.681,2.932
-77.681,2.933
-77.681,2.933
-77.681,2.933
-77.681,2.933
-77.681,2.934
-77.68,2.934
-77.68,2.935
-77.679,2.935
-77.679,2.935
-77.678,2.935
-77.678,2.936
-77.678,2.936
-77.677,2.936
-77.677,2.936
-77.676,2.936
-77.676,2.935
-77.676,2.935
-77.675,2.935
-77.675,2.935
-77.675,2.935
-77.674,2.936
-77.674,2.936
-77.674,2.936
-77.673,2.936
-77.673,2.936
-77.673,2.936
-77.673,2.937
-77.673,2.937
-77.672,2.937
-77.672,2.938
-77.672,2.938
-77.671,2.939
-77.671,2.94
-77.671,2.941
-77.671,2.941
-77.671,2.942
-77.671,2.942
-77.67,2.943
-77.67,2.943
-77.67,2.943
-77.67,2.944
-77.67,2.944
-77.67,2.945
-77.67,2.946
-77.67,2.947
-77.669,2.948
-77.669,2.949
-77.669,2.95
-77.669,2.951
-77.669,2.952
-77.669,2.953
-77.669,2.955
-77.669,2.955
-77.669,2.956
-77.669,2.956
-77.669,2.957
-77.669,2.957
-77.668,2.958
-77.668,2.959
-77.668,2.959
-77.668,2.96
-77.668,2.961
-77.668,2.961
-77.669,2.963
-77.669,2.963
-77.669,2.964
-77.67,2.964
-77.67,2.964
-77.67,2.965
-77.671,2.965
-77.671,2.965
-77.672,2.965
-77.672,2.965
-77.672,2.966
-77.672,2.967
-77.672,2.968
-77.671,2.968
-77.671,2.968
-77.671,2.969
-77.671,2.969
-77.67,2.97
-77.67,2.971
-77.67,2.971
-77.669,2.972
-77.669,2.972
-77.668,2.973
-77.667,2.973
-77.667,2.974
-77.667,2.975
-77.666,2.976
-77.666,2.977
-77.666,2.978
-77.666,2.979
-77.666,2.98
-77.666,2.981
-77.667,2.982
-77.667,2.983
-77.667,2.983
-77.667,2.984
-77.668,2.985
-77.668,2.985
-77.669,2.985
-77.67,2.986
-77.67,2.986
-77.671,2.986
-77.672,2.986
-77.672,2.987
-77.673,2.987
-77.674,2.987
-77.674,2.987
-77.675,2.987
-77.675,2.986
-77.676,2.986
-77.676,2.986
-77.677,2.986
-77.678,2.986
-77.679,2.986
-77.679,2.986
-77.68,2.986
-77.68,2.986
-77.68,2.987
-77.68,2.988
-77.68,2.989
-77.68,2.989
-77.68,2.99
-77.681,2.99
-77.682,2.99
-77.683,2.99
-77.684,2.99
-77.685,2.99
-77.685,2.99
-77.686,2.99
-77.686,2.989
-77.687,2.989
-77.687,2.988
-77.687,2.988
-77.688,2.987
-77.689,2.986
-77.689,2.986
-77.689,2.986
-77.69,2.985
-77.69,2.985
-77.691,2.984
-77.691,2.984
-77.692,2.983
-77.692,2.983
-77.692,2.982
-77.693,2.982
-77.693,2.981
-77.693,2.98
-77.693,2.98
-77.694,2.979
-77.694,2.979
-77.694,2.978
-77.695,2.977
-77.695,2.977
-77.696,2.976
-77.696,2.976
-77.697,2.975
-77.697,2.975
-77.698,2.975
-77.698,2.974
-77.698,2.974
-77.699,2.973
-77.699,2.973
-77.699,2.972
-77.7,2.972
-77.7,2.972
-77.701,2.972
-77.701,2.971
-77.701,2.971
-77.702,2.971
-77.703,2.971
-77.703,2.971
-77.703,2.972
-77.703,2.973
-77.702,2.974
-77.702,2.974
-77.702,2.974
-77.702,2.975
-77.701,2.976
-77.701,2.977
-77.701,2.977
-77.701,2.978
-77.701,2.978
-77.7,2.979
-77.7,2.979
-77.7,2.98
-77.7,2.98
-77.7,2.981
-77.699,2.981
-77.699,2.982
-77.699,2.982
-77.698,2.983
-77.698,2.983
-77.698,2.984
-77.698,2.985
-77.697,2.986
-77.697,2.986
-77.697,2.987
-77.697,2.987
-77.696,2.988
-77.696,2.988
-77.696,2.989
-77.695,2.99
-77.695,2.99
-77.694,2.991
-77.694,2.991
-77.694,2.991
-77.693,2.992
-77.693,2.992
-77.693,2.993
-77.692,2.993
-77.692,2.994
-77.692,2.994
-77.692,2.995
-77.692,2.995
-77.691,2.996
-77.691,2.996
-77.691,2.997
-77.691,2.997
-77.691,2.999
-77.69,2.999
-77.69,3
-77.69,3
-77.69,3.001
-77.69,3.002
-77.69,3.002
-77.689,3.003
-77.689,3.003
-77.689,3.004
-77.689,3.004
-77.688,3.005
-77.688,3.006
-77.688,3.006
-77.687,3.008
-77.687,3.008
-77.687,3.008
-77.686,3.009
-77.686,3.01
-77.686,3.01
-77.685,3.011
-77.685,3.011
-77.685,3.012
-77.685,3.013
-77.684,3.013
-77.684,3.014
-77.684,3.014
-77.683,3.015
-77.683,3.015
-77.682,3.016
-77.682,3.017
-77.682,3.018
-77.681,3.018
-77.681,3.018
-77.681,3.019
-77.68,3.019
-77.68,3.02
-77.679,3.021
-77.679,3.021
-77.679,3.022
-77.678,3.023
-77.678,3.023
-77.678,3.024
-77.677,3.025
-77.677,3.025
-77.677,3.026
-77.676,3.027
-77.676,3.027
-77.676,3.028
-77.675,3.029
-77.675,3.029
-77.674,3.03
-77.674,3.031
-77.673,3.032
-77.673,3.032
-77.672,3.033
-77.672,3.034
-77.672,3.034
-77.672,3.035
-77.672,3.035
-77.671,3.036
-77.671,3.037
-77.671,3.038
-77.671,3.038
-77.67,3.039
-77.669,3.04
-77.669,3.04
-77.668,3.041
-77.668,3.042
-77.668,3.042
-77.668,3.043
-77.667,3.043
-77.667,3.044
-77.667,3.044
-77.667,3.045
-77.667,3.045
-77.666,3.046
-77.666,3.046
-77.665,3.047
-77.665,3.047
-77.664,3.047
-77.663,3.047
-77.663,3.048
-77.662,3.048
-77.662,3.048
-77.66,3.049
-77.659,3.05
-77.659,3.05
-77.658,3.051
-77.658,3.052
-77.658,3.052
-77.657,3.053
-77.657,3.054
-77.657,3.054
-77.657,3.055
-77.657,3.055
-77.657,3.056
-77.657,3.057
-77.657,3.057
-77.656,3.058
-77.656,3.059
-77.656,3.059
-77.655,3.06
-77.655,3.061
-77.655,3.061
-77.655,3.062
-77.655,3.063
-77.654,3.063
-77.654,3.064
-77.654,3.064
-77.653,3.064
-77.653,3.065
-77.652,3.065
-77.651,3.065
-77.65,3.065
-77.65,3.065
-77.649,3.065
-77.649,3.065
-77.648,3.066
-77.647,3.066
-77.647,3.067
-77.646,3.067
-77.645,3.067
-77.645,3.068
-77.644,3.068
-77.644,3.068
-77.643,3.069
-77.643,3.069
-77.642,3.069
-77.641,3.07
-77.641,3.07
-77.64,3.071
-77.639,3.071
-77.639,3.071
-77.638,3.072
-77.638,3.072
-77.637,3.072
-77.636,3.073
-77.636,3.073
-77.634,3.074
-77.634,3.074
-77.633,3.074
-77.633,3.074
-77.632,3.075
-77.632,3.075
-77.631,3.075
-77.63,3.076
-77.63,3.077
-77.629,3.077
-77.628,3.077
-77.628,3.078
-77.627,3.078
-77.626,3.079
-77.626,3.079
-77.625,3.08
-77.625,3.08
-77.625,3.081
-77.624,3.081
-77.624,3.082
-77.624,3.083
-77.623,3.083
-77.623,3.083
-77.622,3.084
-77.622,3.085
-77.621,3.085
-77.621,3.086
-77.62,3.086
-77.619,3.088
-77.619,3.089
-77.619,3.089
-77.618,3.09
-77.618,3.09
-77.617,3.091
-77.617,3.092
-77.616,3.092
-77.616,3.092
-77.616,3.092
-77.616,3.093
-77.615,3.093
-77.615,3.093
-77.615,3.093
-77.614,3.094
-77.614,3.094
-77.614,3.094
-77.614,3.095
-77.614,3.095
-77.613,3.095
-77.613,3.096
-77.613,3.096
-77.613,3.096
-77.612,3.096
-77.612,3.097
-77.612,3.097
-77.612,3.097
-77.612,3.097
-77.611,3.098
-77.611,3.098
-77.611,3.098
-77.611,3.099
-77.61,3.099
-77.61,3.099
-77.61,3.099
-77.61,3.099
-77.609,3.1
-77.609,3.1
-77.609,3.1
-77.608,3.101
-77.608,3.101
-77.608,3.101
-77.607,3.102
-77.607,3.102
-77.607,3.103
-77.607,3.103
-77.606,3.103
-77.606,3.103
-77.606,3.104
-77.606,3.104
-77.606,3.104
-77.606,3.105
-77.606,3.105
-77.605,3.105
-77.605,3.106
-77.605,3.106
-77.604,3.106
-77.604,3.107
-77.604,3.107
-77.604,3.107
-77.603,3.108
-77.603,3.108
-77.603,3.108
-77.603,3.108
-77.603,3.109
-77.602,3.109
-77.602,3.109
-77.602,3.109
-77.602,3.11
-77.601,3.11
-77.601,3.11
-77.601,3.11
-77.6,3.11
-77.6,3.11
-77.6,3.11
-77.6,3.11
-77.599,3.11
-77.599,3.11
-77.598,3.11
-77.598,3.111
-77.598,3.111
-77.598,3.111
-77.597,3.112
-77.597,3.112
-77.597,3.113
-77.596,3.113
-77.596,3.113
-77.596,3.114
-77.596,3.114
-77.596,3.114
-77.596,3.114
-77.596,3.115
-77.595,3.115
-77.595,3.115
-77.595,3.115
-77.595,3.116
-77.595,3.116
-77.595,3.116
-77.595,3.117
-77.594,3.117
-77.594,3.117
-77.594,3.118
-77.594,3.118
-77.594,3.118
-77.593,3.119
-77.593,3.119
-77.593,3.119
-77.593,3.12
-77.592,3.12
-77.592,3.12
-77.592,3.12
-77.592,3.121
-77.592,3.121
-77.591,3.121
-77.591,3.121
-77.591,3.122
-77.591,3.122
-77.59,3.122
-77.59,3.123
-77.59,3.123
-77.59,3.123
-77.589,3.124
-77.589,3.124
-77.589,3.124
-77.589,3.124
-77.589,3.125
-77.589,3.125
-77.588,3.125
-77.588,3.125
-77.588,3.126
-77.588,3.126
-77.588,3.126
-77.588,3.127
-77.587,3.127
-77.587,3.127
-77.587,3.127
-77.587,3.128
-77.587,3.128
-77.586,3.128
-77.586,3.129
-77.586,3.129
-77.586,3.129
-77.585,3.13
-77.585,3.13
-77.585,3.13
-77.585,3.131
-77.585,3.131
-77.585,3.131
-77.584,3.131
-77.584,3.132
-77.584,3.132
-77.584,3.133
-77.584,3.133
-77.583,3.133
-77.583,3.134
-77.583,3.134
-77.582,3.134
-77.582,3.134
-77.582,3.135
-77.582,3.135
-77.582,3.135
-77.581,3.135
-77.581,3.136
-77.581,3.136
-77.58,3.136
-77.58,3.136
-77.58,3.137
-77.58,3.137
-77.58,3.137
-77.579,3.137
-77.579,3.138
-77.579,3.138
-77.578,3.138
-77.578,3.138
-77.578,3.138
-77.578,3.139
-77.578,3.139
-77.578,3.139
-77.577,3.139
-77.577,3.139
-77.577,3.14
-77.577,3.14
-77.577,3.14
-77.576,3.14
-77.576,3.14
-77.576,3.14
-77.576,3.141
-77.575,3.141
-77.575,3.141
-77.575,3.142
-77.575,3.142
-77.575,3.142
-77.575,3.142
-77.574,3.143
-77.574,3.143
-77.574,3.143
-77.574,3.144
-77.573,3.144
-77.573,3.144
-77.573,3.144
-77.573,3.145
-77.573,3.145
-77.572,3.145
-77.572,3.146
-77.572,3.146
-77.572,3.146
-77.572,3.147
-77.571,3.147
-77.571,3.147
-77.571,3.148
-77.57,3.148
-77.57,3.149
-77.57,3.149
-77.57,3.149
-77.57,3.149
-77.57,3.15
-77.569,3.15
-77.569,3.15
-77.569,3.15
-77.569,3.151
-77.569,3.151
-77.569,3.151
-77.568,3.151
-77.568,3.152
-77.568,3.152
-77.568,3.152
-77.568,3.152
-77.568,3.153
-77.568,3.153
-77.568,3.153
-77.567,3.153
-77.567,3.154
-77.567,3.154
-77.567,3.154
-77.567,3.155
-77.567,3.155
-77.567,3.155
-77.566,3.155
-77.566,3.156
-77.566,3.156
-77.566,3.156
-77.566,3.157
-77.566,3.157
-77.566,3.157
-77.565,3.157
-77.565,3.157
-77.565,3.158
-77.565,3.158
-77.565,3.158
-77.565,3.159
-77.565,3.159
-77.565,3.159
-77.564,3.159
-77.564,3.16
-77.564,3.16
-77.564,3.16
-77.564,3.16
-77.564,3.161
-77.564,3.161
-77.563,3.161
-77.563,3.162
-77.563,3.162
-77.563,3.162
-77.563,3.163
-77.563,3.163
-77.563,3.163
-77.563,3.163
-77.562,3.164
-77.562,3.164
-77.562,3.164
-77.562,3.164
-77.562,3.165
-77.562,3.165
-77.562,3.165
-77.562,3.165
-77.561,3.166
-77.561,3.166
-77.561,3.166
-77.561,3.166
-77.561,3.167
-77.561,3.167
-77.561,3.167
-77.561,3.168
-77.56,3.168
-77.56,3.168
-77.56,3.169
-77.56,3.169
-77.56,3.169
-77.56,3.17
-77.56,3.17
-77.559,3.17
-77.559,3.171
-77.559,3.171
-77.559,3.171
-77.559,3.172
-77.559,3.172
-77.559,3.172
-77.558,3.173
-77.558,3.173
-77.558,3.173
-77.558,3.174
-77.558,3.174
-77.558,3.175
-77.558,3.175
-77.558,3.175
-77.557,3.176
-77.557,3.176
-77.557,3.176
-77.557,3.177
-77.557,3.177
-77.557,3.177
-77.556,3.178
-77.556,3.178
-77.556,3.179
-77.556,3.179
-77.556,3.179
-77.556,3.179
-77.556,3.18
-77.555,3.18
-77.555,3.18
-77.555,3.181
-77.555,3.182
-77.555,3.183
-77.555,3.183
-77.555,3.184
-77.554,3.184
-77.554,3.184
-77.554,3.185
-77.554,3.185
-77.554,3.185
-77.554,3.186
-77.554,3.186
-77.554,3.186
-77.554,3.187
-77.554,3.187
-77.554,3.187
-77.554,3.188
-77.554,3.188
-77.553,3.188
-77.553,3.189
-77.553,3.189
-77.553,3.19
-77.553,3.19
-77.553,3.19
-77.553,3.191
-77.553,3.191
-77.553,3.191
-77.553,3.192
-77.553,3.192
-77.553,3.192
-77.552,3.193
-77.552,3.194
-77.552,3.195
-77.552,3.195
-77.552,3.196
-77.552,3.196
-77.552,3.196
-77.552,3.196
-77.552,3.197
-77.552,3.197
-77.552,3.197
-77.552,3.198
-77.552,3.198
-77.552,3.198
-77.552,3.198
-77.552,3.199
-77.551,3.199
-77.551,3.199
-77.551,3.2
-77.551,3.2
-77.551,3.2
-77.551,3.201
-77.551,3.201
-77.551,3.201
-77.551,3.202
-77.551,3.202
-77.551,3.202
-77.55,3.203
-77.55,3.203
-77.55,3.203
-77.55,3.204
-77.55,3.204
-77.55,3.204
-77.55,3.204
-77.55,3.205
-77.549,3.205
-77.549,3.205
-77.549,3.206
-77.549,3.206
-77.549,3.206
-77.549,3.207
-77.548,3.207
-77.548,3.207
-77.548,3.207
-77.548,3.207
-77.547,3.208
-77.547,3.208
-77.547,3.209
-77.547,3.209
-77.546,3.209
-77.546,3.21
-77.546,3.21
-77.545,3.21
-77.545,3.21
-77.545,3.211
-77.546,3.215
-77.546,3.217
-77.546,3.218
-77.546,3.219
-77.546,3.22
-77.546,3.221
-77.546,3.223
-77.546,3.223
-77.546,3.225
-77.547,3.226
-77.547,3.227
-77.548,3.228
-77.548,3.23
-77.548,3.23
-77.547,3.231
-77.547,3.232
-77.546,3.233
-77.546,3.234
-77.545,3.235
-77.544,3.236
-77.544,3.237
-77.543,3.238
-77.542,3.239
-77.542,3.24
-77.541,3.241
-77.54,3.242
-77.54,3.243
-77.54,3.243
-77.539,3.244
-77.538,3.245
-77.537,3.247
-77.537,3.248
-77.536,3.25
-77.536,3.25
-77.535,3.251
-77.534,3.253
-77.533,3.255
-77.532,3.256
-77.532,3.256
-77.531,3.257
-77.531,3.259
-77.53,3.26
-77.529,3.261
-77.528,3.262
-77.527,3.263
-77.526,3.264
-77.525,3.265
-77.523,3.267
-77.522,3.269
-77.521,3.27
-77.52,3.271
-77.52,3.272
-77.519,3.272
-77.519,3.273
-77.517,3.274
-77.516,3.275
-77.516,3.276
-77.514,3.277
-77.513,3.278
-77.513,3.279
-77.512,3.28
-77.511,3.281
-77.51,3.282
-77.509,3.283
-77.508,3.285
-77.507,3.287
-77.506,3.288
-77.506,3.289
-77.505,3.29
-77.505,3.291
-77.504,3.292
-77.503,3.293
-77.503,3.294
-77.502,3.295
-77.501,3.297
-77.5,3.298
-77.5,3.298
-77.499,3.3
-77.498,3.302
-77.497,3.303
-77.496,3.304
-77.495,3.304
-77.495,3.305
-77.493,3.308
-77.492,3.309
-77.49,3.309
-77.489,3.31
-77.488,3.312
-77.488,3.312
-77.487,3.313
-77.486,3.314
-77.485,3.315
-77.485,3.316
-77.484,3.316
-77.483,3.317
-77.482,3.319
-77.482,3.32
-77.481,3.321
-77.481,3.321
-77.479,3.322
-77.477,3.323
-77.477,3.324
-77.474,3.325
-77.473,3.326
-77.472,3.326
-77.471,3.327
-77.469,3.328
-77.468,3.329
-77.467,3.33
-77.466,3.331
-77.465,3.331
-77.464,3.332
-77.463,3.333
-77.462,3.334
-77.461,3.335
-77.46,3.335
-77.459,3.336
-77.459,3.336
-77.457,3.338
-77.456,3.339
-77.456,3.34
-77.455,3.34
-77.454,3.341
-77.454,3.341
-77.452,3.342
-77.451,3.343
-77.451,3.344
-77.449,3.345
-77.449,3.346
-77.448,3.346
-77.447,3.347
-77.447,3.348
-77.446,3.349
-77.444,3.351
-77.444,3.351
-77.443,3.353
-77.442,3.354
-77.441,3.356
-77.44,3.356
-77.439,3.357
-77.438,3.358
-77.437,3.359
-77.436,3.36
-77.435,3.361
-77.434,3.361
-77.432,3.362
-77.431,3.362
-77.43,3.363
-77.429,3.363
-77.427,3.363
-77.426,3.363
-77.425,3.363
-77.424,3.363
-77.422,3.363
-77.42,3.363
-77.419,3.363
-77.418,3.363
-77.417,3.364
-77.416,3.364
-77.415,3.365
-77.414,3.365
-77.412,3.366
-77.412,3.366
-77.41,3.367
-77.409,3.369
-77.409,3.369
-77.408,3.371
-77.408,3.371
-77.408,3.373
-77.408,3.374
-77.408,3.375
-77.407,3.377
-77.407,3.378
-77.407,3.379
-77.407,3.38
-77.407,3.381
-77.407,3.383
-77.405,3.386
-77.405,3.387
-77.404,3.387
-77.403,3.388
-77.402,3.389
-77.401,3.39
-77.4,3.391
-77.399,3.391
-77.398,3.392
-77.397,3.393
-77.396,3.394
-77.396,3.394
-77.394,3.396
-77.394,3.397
-77.393,3.398
-77.392,3.398
-77.391,3.4
-77.391,3.4
-77.39,3.402
-77.389,3.404
-77.388,3.404
-77.388,3.406
-77.387,3.407
-77.386,3.408
-77.385,3.409
-77.385,3.409
-77.385,3.41
-77.384,3.412
-77.384,3.413
-77.383,3.414
-77.382,3.415
-77.381,3.416
-77.38,3.417
-77.38,3.418
-77.379,3.419
-77.379,3.42
-77.378,3.421
-77.378,3.423
-77.378,3.424
-77.377,3.425
-77.377,3.426
-77.376,3.427
-77.376,3.428
-77.375,3.429
-77.375,3.43
-77.374,3.431
-77.374,3.432
-77.374,3.433
-77.373,3.435
-77.372,3.435
-77.372,3.436
-77.371,3.438
-77.371,3.439
-77.371,3.44
-77.371,3.441
-77.37,3.442
-77.37,3.443
-77.369,3.444
-77.369,3.445
-77.37,3.448
-77.371,3.45
-77.371,3.451
-77.371,3.454
-77.371,3.455
-77.372,3.456
-77.371,3.458
-77.371,3.46
-77.371,3.462
-77.372,3.464
-77.372,3.466
-77.372,3.468
-77.372,3.47
-77.372,3.472
-77.372,3.473
-77.372,3.475
-77.372,3.476
-77.37,3.478
-77.37,3.48
-77.369,3.481
-77.368,3.483
-77.367,3.485
-77.367,3.487
-77.365,3.488
-77.364,3.489
-77.362,3.491
-77.36,3.493
-77.36,3.493
-77.357,3.496
-77.356,3.497
-77.355,3.499
-77.354,3.5
-77.353,3.502
-77.352,3.502
-77.351,3.503
-77.349,3.504
-77.348,3.506
-77.346,3.507
-77.344,3.508
-77.343,3.51
-77.341,3.512
-77.341,3.514
-77.34,3.516
-77.339,3.516
-77.336,3.519
-77.335,3.52
-77.334,3.52
-77.334,3.522
-77.332,3.525
-77.331,3.527
-77.331,3.53
-77.33,3.532
-77.329,3.534
-77.328,3.536
-77.328,3.537
-77.326,3.538
-77.324,3.54
-77.324,3.541
-77.323,3.543
-77.321,3.545
-77.32,3.548
-77.318,3.549
-77.316,3.552
-77.315,3.553
-77.313,3.555
-77.31,3.557
-77.309,3.558
-77.307,3.561
-77.306,3.563
-77.303,3.566
-77.302,3.568
-77.3,3.57
-77.299,3.571
-77.297,3.574
-77.296,3.574
-77.295,3.575
-77.293,3.577
-77.291,3.577
-77.29,3.577
-77.289,3.576
-77.287,3.576
-77.285,3.576
-77.283,3.575
-77.281,3.574
-77.277,3.574
-77.275,3.574
-77.274,3.574
-77.272,3.574
-77.27,3.574
-77.269,3.575
-77.267,3.576
-77.265,3.577
-77.261,3.579
-77.259,3.579
-77.258,3.58
-77.256,3.58
-77.255,3.581
-77.253,3.581
-77.25,3.582
-77.248,3.582
-77.245,3.583
-77.243,3.585
-77.241,3.585
-77.24,3.585
-77.237,3.586
-77.234,3.588
-77.232,3.588
-77.231,3.589
-77.23,3.59
-77.228,3.592
-77.225,3.593
-77.222,3.595
-77.22,3.597
-77.218,3.598
-77.217,3.6
-77.216,3.6
-77.214,3.601
-77.211,3.604
-77.209,3.605
-77.209,3.605
-77.208,3.607
-77.204,3.609
-77.202,3.61
-77.201,3.612
-77.2,3.614
-77.199,3.616
-77.198,3.619
-77.198,3.622
-77.197,3.625
-77.197,3.627
-77.196,3.63
-77.194,3.633
-77.193,3.637
-77.192,3.637
-77.191,3.642
-77.19,3.644
-77.19,3.648
-77.19,3.649
-77.19,3.651
-77.19,3.653
-77.189,3.655
-77.189,3.657
-77.188,3.664
-77.188,3.666
-77.187,3.669
-77.187,3.672
-77.187,3.675
-77.187,3.68
-77.187,3.682
-77.189,3.684
-77.19,3.685
-77.19,3.686
-77.19,3.689
-77.19,3.693
-77.189,3.699
-77.192,3.701
-77.192,3.704
-77.193,3.705
-77.194,3.708
-77.194,3.71
-77.194,3.714
-77.195,3.717
-77.195,3.72
-77.196,3.722
-77.197,3.726
-77.197,3.727
-77.197,3.729
-77.197,3.73
-77.197,3.733
-77.198,3.734
-77.198,3.737
-77.198,3.74
-77.198,3.742
-77.198,3.746
-77.198,3.75
-77.197,3.753
-77.196,3.754
-77.195,3.755
-77.194,3.758
-77.191,3.76
-77.191,3.761
-77.19,3.763
-77.189,3.764
-77.187,3.766
-77.185,3.768
-77.185,3.769
-77.183,3.771
-77.181,3.774
-77.18,3.776
-77.18,3.78
-77.179,3.783
-77.179,3.786
-77.178,3.788
-77.178,3.793
-77.179,3.796
-77.18,3.798
-77.182,3.803
-77.182,3.805
-77.183,3.808
-77.183,3.811
-77.184,3.814
-77.185,3.815
-77.186,3.819
-77.187,3.824
-77.189,3.825
-77.19,3.831
-77.192,3.833
-77.193,3.835
-77.194,3.835
-77.196,3.836
-77.198,3.837
-77.202,3.836
-77.205,3.834
-77.206,3.834
-77.207,3.833
-77.209,3.831
-77.216,3.83
-77.221,3.828
-77.225,3.828
-77.228,3.828
-77.232,3.828
-77.236,3.828
-77.238,3.828
-77.241,3.828
-77.242,3.828
-77.244,3.828
-77.247,3.827
-77.25,3.827
-77.253,3.827
-77.256,3.827
-77.258,3.827
-77.26,3.827
-77.262,3.829
-77.265,3.829
-77.266,3.83
-77.268,3.831
-77.271,3.832
-77.273,3.833
-77.275,3.833
-77.279,3.836
-77.284,3.838
-77.285,3.839
-77.288,3.842
-77.288,3.845
-77.289,3.847
-77.289,3.849
-77.29,3.851
-77.29,3.852
-77.291,3.855
-77.292,3.856
-77.294,3.858
-77.296,3.859
-77.298,3.86
-77.299,3.86
-77.299,3.86
-77.301,3.861
-77.303,3.863
-77.304,3.863
-77.305,3.867
-77.305,3.869
-77.305,3.87
-77.305,3.872
-77.306,3.874
-77.306,3.875
-77.307,3.878
-77.308,3.881
-77.308,3.883
-77.308,3.885
-77.309,3.888
-77.309,3.891
-77.309,3.893
-77.311,3.896
-77.312,3.897
-77.313,3.899
-77.314,3.9
-77.316,3.901
-77.317,3.903
-77.318,3.904
-77.32,3.905
-77.322,3.907
-77.324,3.908
-77.324,3.909
-77.327,3.911
-77.328,3.912
-77.33,3.913
-77.331,3.914
-77.334,3.915
-77.335,3.916
-77.336,3.916
-77.338,3.917
-77.34,3.917
-77.342,3.918
-77.344,3.918
-77.346,3.919
-77.348,3.92
-77.35,3.92
-77.351,3.921
-77.352,3.922
-77.353,3.923
-77.355,3.923
-77.358,3.924
-77.361,3.924
-77.363,3.925
-77.365,3.927
-77.366,3.93
-77.367,3.931
-77.369,3.933
-77.369,3.935
-77.371,3.938
-77.371,3.939
-77.372,3.941
-77.372,3.942
-77.373,3.944
-77.373,3.946
-77.374,3.948
-77.374,3.95
-77.375,3.951
-77.375,3.953
-77.376,3.955
-77.377,3.956
-77.379,3.958
-77.38,3.96
-77.38,3.96
-77.382,3.962
-77.383,3.964
-77.385,3.965
-77.386,3.966
-77.388,3.967
-77.389,3.969
-77.391,3.97
-77.393,3.972
-77.395,3.973
-77.398,3.975
-77.4,3.977
-77.401,3.978
-77.403,3.98
-77.405,3.982
-77.408,3.984
-77.409,3.985
-77.411,3.986
-77.412,3.986
-77.414,3.987
-77.417,3.989
-77.419,3.99
-77.42,3.99
-77.421,3.992
-77.423,3.993
-77.426,3.995
-77.427,3.997
-77.429,3.999
-77.431,4
-77.433,4.002
-77.435,4.003
-77.436,4.005
-77.438,4.008
-77.44,4.012
-77.44,4.013
-77.441,4.016
-77.442,4.018
-77.443,4.021
-77.444,4.023
-77.445,4.025
-77.446,4.028
-77.448,4.031
-77.449,4.033
-77.45,4.036
-77.451,4.038
-77.452,4.039
-77.453,4.041
-77.454,4.043
-77.455,4.045
-77.456,4.047
-77.457,4.048
-77.459,4.05
-77.46,4.051
-77.462,4.055
-77.463,4.056
-77.465,4.059
-77.466,4.061
-77.467,4.063
-77.468,4.065
-77.468,4.067
-77.47,4.071
-77.47,4.072
-77.471,4.073
-77.472,4.074
-77.474,4.076
-77.476,4.079
-77.478,4.081
-77.481,4.084
-77.482,4.085
-77.484,4.087
-77.486,4.09
-77.486,4.09
-77.489,4.094
-77.49,4.094
-77.491,4.096
-77.493,4.097
-77.494,4.099
-77.496,4.1
-77.497,4.101
-77.499,4.102
-77.503,4.103
-77.504,4.104
-77.506,4.104
-77.507,4.105
-77.509,4.106
-77.511,4.108
-77.512,4.109
-77.514,4.112
-77.514,4.112
-77.515,4.113
-77.517,4.115
-77.519,4.117
-77.52,4.119
-77.523,4.121
-77.524,4.124
-77.525,4.125
-77.527,4.129
-77.528,4.131
-77.528,4.134
-77.529,4.136
-77.529,4.139
-77.529,4.142
-77.529,4.144
-77.529,4.148
-77.529,4.151
-77.529,4.154
-77.529,4.156
-77.528,4.159
-77.528,4.162
-77.528,4.163
-77.528,4.166
-77.527,4.168
-77.526,4.171
-77.527,4.175
-77.526,4.177
-77.527,4.181
-77.527,4.183
-77.528,4.186
-77.528,4.187
-77.528,4.189
-77.529,4.192
-77.53,4.194
-77.531,4.197
-77.531,4.199
-77.532,4.202
-77.532,4.205
-77.532,4.206
-77.533,4.208
-77.532,4.21
-77.531,4.213
-77.53,4.215
-77.53,4.218
-77.53,4.22
-77.529,4.223
-77.528,4.226
-77.528,4.228
-77.528,4.23
-77.528,4.232
-77.528,4.234
-77.528,4.237
-77.528,4.239
-77.527,4.242
-77.527,4.244
-77.527,4.247
-77.527,4.25
-77.527,4.252
-77.527,4.254
-77.526,4.257
-77.526,4.259
-77.525,4.261
-77.524,4.265
-77.524,4.267
-77.523,4.269
-77.523,4.271
-77.522,4.274
-77.521,4.277
-77.52,4.278
-77.519,4.28
-77.517,4.281
-77.516,4.282
-77.514,4.284
-77.512,4.286
-77.511,4.286
-77.508,4.288
-77.507,4.289
-77.505,4.29
-77.503,4.29
-77.502,4.291
-77.501,4.292
-77.499,4.293
-77.497,4.293
-77.495,4.294
-77.493,4.294
-77.49,4.294
-77.486,4.294
-77.482,4.295
-77.48,4.295
-77.478,4.296
-77.477,4.296
-77.475,4.297
-77.472,4.298
-77.468,4.298
-77.464,4.3
-77.46,4.301
-77.458,4.302
-77.457,4.303
-77.454,4.305
-77.452,4.306
-77.45,4.307
-77.448,4.308
-77.446,4.309
-77.444,4.31
-77.442,4.311
-77.439,4.313
-77.438,4.314
-77.436,4.315
-77.433,4.316
-77.431,4.316
-77.429,4.318
-77.427,4.319
-77.426,4.32
-77.425,4.322
-77.424,4.323
-77.424,4.325
-77.423,4.326
-77.422,4.328
-77.421,4.329
-77.421,4.331
-77.419,4.333
-77.419,4.334
-77.418,4.336
-77.418,4.337
-77.417,4.338
-77.416,4.341
-77.415,4.343
-77.414,4.344
-77.414,4.345
-77.413,4.347
-77.412,4.348
-77.411,4.35
-77.409,4.353
-77.407,4.354
-77.405,4.356
-77.402,4.358
-77.401,4.358
-77.4,4.359
-77.398,4.361
-77.397,4.362
-77.396,4.363
-77.394,4.364
-77.393,4.365
-77.391,4.366
-77.39,4.368
-77.388,4.369
-77.387,4.371
-77.386,4.373
-77.384,4.375
-77.383,4.376
-77.383,4.377
-77.382,4.378
-77.381,4.381
-77.38,4.382
-77.379,4.384
-77.378,4.385
-77.376,4.388
-77.376,4.39
-77.375,4.39
-77.372,4.393
-77.371,4.395
-77.37,4.396
-77.369,4.398
-77.367,4.4
-77.365,4.403
-77.365,4.404
-77.364,4.406
-77.363,4.408
-77.362,4.41
-77.358,4.416
-77.357,4.42
-77.356,4.423
-77.355,4.426
-77.354,4.429
-77.354,4.432
-77.353,4.434
-77.352,4.437
-77.352,4.439
-77.351,4.442
-77.351,4.444
-77.35,4.447
-77.351,4.451
-77.351,4.452
-77.35,4.456
-77.35,4.46
-77.349,4.463
-77.349,4.467
-77.348,4.469
-77.348,4.472
-77.348,4.475
-77.347,4.477
-77.346,4.481
-77.346,4.484
-77.345,4.486
-77.344,4.491
-77.343,4.494
-77.342,4.498
-77.342,4.501
-77.341,4.503
-77.341,4.505
-77.341,4.508
-77.341,4.511
-77.34,4.514
-77.34,4.521
-77.339,4.524
-77.339,4.527
-77.339,4.529
-77.339,4.533
-77.339,4.535
-77.338,4.538
-77.338,4.538
-77.338,4.54
-77.336,4.544
-77.336,4.546
-77.335,4.548
-77.335,4.551
-77.334,4.555
-77.334,4.557
-77.334,4.561
-77.333,4.564
-77.332,4.568
-77.331,4.571
-77.33,4.573
-77.329,4.576
-77.328,4.58
-77.328,4.581
-77.328,4.584
-77.327,4.589
-77.327,4.592
-77.327,4.595
-77.327,4.599
-77.327,4.605
-77.327,4.606
-77.327,4.612
-77.327,4.614
-77.327,4.618
-77.326,4.622
-77.326,4.626
-77.326,4.628
-77.325,4.63
-77.326,4.633
-77.325,4.637
-77.326,4.64
-77.326,4.643
-77.326,4.646
-77.326,4.65
-77.327,4.652
-77.327,4.657
-77.327,4.66
-77.327,4.662
-77.326,4.667
-77.327,4.669
-77.328,4.673
-77.328,4.676
-77.329,4.679
-77.329,4.681
-77.329,4.683
-77.329,4.685
-77.329,4.688
-77.329,4.69
-77.33,4.692
-77.33,4.695
-77.329,4.699
-77.329,4.699
-77.328,4.702
-77.328,4.705
-77.328,4.708
-77.328,4.711
-77.328,4.714
-77.328,4.717
-77.328,4.719
-77.328,4.722
-77.328,4.726
-77.328,4.729
-77.328,4.733
-77.327,4.736
-77.328,4.738
-77.327,4.741
-77.327,4.744
-77.327,4.748
-77.328,4.75
-77.329,4.752
-77.33,4.755
-77.331,4.757
-77.332,4.76
-77.333,4.762
-77.335,4.765
-77.336,4.766
-77.337,4.769
-77.338,4.77
-77.34,4.772
-77.343,4.773
-77.345,4.774
-77.346,4.775
-77.348,4.777
-77.349,4.779
-77.349,4.781
-77.35,4.784
-77.35,4.787
-77.351,4.79
-77.351,4.793
-77.351,4.797
-77.351,4.8
-77.352,4.802
-77.352,4.805
-77.352,4.808
-77.352,4.811
-77.353,4.814
-77.354,4.817
-77.354,4.821
-77.354,4.826
-77.355,4.831
-77.355,4.834
-77.355,4.838
-77.355,4.841
-77.355,4.844
-77.356,4.847
-77.357,4.851
-77.359,4.854
-77.362,4.858
-77.362,4.861
-77.363,4.866
-77.363,4.869
-77.364,4.873
-77.364,4.875
-77.363,4.879
-77.362,4.884
-77.362,4.888
-77.362,4.892
-77.362,4.897
-77.362,4.9
-77.362,4.902
-77.362,4.905
-77.362,4.909
-77.362,4.913
-77.362,4.914
-77.362,4.918
-77.363,4.922
-77.365,4.926
-77.366,4.93
-77.367,4.933
-77.368,4.935
-77.37,4.938
-77.371,4.94
-77.372,4.943
-77.372,4.945
-77.374,4.949
-77.375,4.952
-77.376,4.955
-77.376,4.958
-77.377,4.961
-77.377,4.964
-77.377,4.967
-77.377,4.971
-77.377,4.975
-77.377,4.979
-77.377,4.983
-77.377,4.988
-77.378,4.992
-77.378,4.997
-77.378,5.001
-77.379,5.006
-77.379,5.012
-77.379,5.017
-77.379,5.02
-77.379,5.025
-77.379,5.03
-77.379,5.034
-77.38,5.038
-77.38,5.043
-77.38,5.049
-77.381,5.055
-77.381,5.06
-77.382,5.065
-77.382,5.069
-77.382,5.072
-77.382,5.075
-77.383,5.081
-77.384,5.085
-77.384,5.088
-77.384,5.094
-77.385,5.099
-77.385,5.103
-77.385,5.107
-77.385,5.112
-77.384,5.118
-77.384,5.123
-77.384,5.127
-77.384,5.131
-77.385,5.136
-77.385,5.138
-77.386,5.144
-77.387,5.146
-77.388,5.15
-77.39,5.155
-77.391,5.159
-77.392,5.162
-77.394,5.166
-77.394,5.167
-77.395,5.17
-77.396,5.174
-77.397,5.178
-77.397,5.182
-77.396,5.185
-77.396,5.189
-77.395,5.195
-77.394,5.2
-77.394,5.204
-77.393,5.209
-77.392,5.215
-77.392,5.221
-77.392,5.226
-77.391,5.233
-77.391,5.241
-77.392,5.245
-77.392,5.249
-77.392,5.253
-77.393,5.262
-77.393,5.267
-77.394,5.27
-77.395,5.275
-77.395,5.279
-77.395,5.281
-77.396,5.284
-77.396,5.289
-77.396,5.293
-77.397,5.296
-77.397,5.3
-77.398,5.304
-77.398,5.308
-77.398,5.312
-77.399,5.316
-77.4,5.319
-77.402,5.323
-77.402,5.325
-77.403,5.328
-77.404,5.33
-77.404,5.334
-77.404,5.337
-77.404,5.341
-77.405,5.346
-77.405,5.349
-77.407,5.357
-77.407,5.359
-77.408,5.364
-77.408,5.372
-77.408,5.378
-77.409,5.382
-77.41,5.387
-77.411,5.39
-77.412,5.395
-77.414,5.402
-77.414,5.405
-77.415,5.409
-77.415,5.411
-77.416,5.413
-77.416,5.417
-77.417,5.419
-77.419,5.423
-77.42,5.426
-77.421,5.428
-77.423,5.43
-77.425,5.434
-77.427,5.437
-77.428,5.438
-77.428,5.439
-77.43,5.441
-77.431,5.444
-77.431,5.445
-77.431,5.448
-77.431,5.451
-77.431,5.455
-77.432,5.456
-77.432,5.459
-77.432,5.461
-77.432,5.465
-77.432,5.467
-77.433,5.47
-77.434,5.473
-77.435,5.474
-77.437,5.475
-77.44,5.476
-77.442,5.476
-77.444,5.478
-77.446,5.48
-77.449,5.482
-77.452,5.483
-77.454,5.485
-77.457,5.486
-77.459,5.487
-77.46,5.487
-77.463,5.487
-77.464,5.487
-77.467,5.487
-77.471,5.487
-77.474,5.486
-77.478,5.484
-77.481,5.483
-77.482,5.482
-77.484,5.48
-77.485,5.479
-77.486,5.477
-77.487,5.476
-77.488,5.472
-77.489,5.471
-77.491,5.47
-77.493,5.468
-77.495,5.47
-77.495,5.472
-77.496,5.474
-77.496,5.475
-77.497,5.477
-77.499,5.478
-77.5,5.479
-77.501,5.479
-77.504,5.48
-77.504,5.48
-77.506,5.481
-77.509,5.481
-77.512,5.482
-77.513,5.482
-77.515,5.482
-77.516,5.482
-77.518,5.482
-77.52,5.482
-77.521,5.481
-77.523,5.481
-77.524,5.481
-77.526,5.48
-77.528,5.48
-77.529,5.481
-77.533,5.481
-77.535,5.481
-77.537,5.482
-77.539,5.481
-77.54,5.481
-77.542,5.481
-77.54,5.484
-77.539,5.486
-77.538,5.489
-77.537,5.491
-77.536,5.493
-77.536,5.495
-77.534,5.497
-77.534,5.497
-77.533,5.498
-77.531,5.499
-77.529,5.499
-77.527,5.5
-77.526,5.5
-77.525,5.503
-77.525,5.506
-77.524,5.508
-77.523,5.511
-77.523,5.513
-77.522,5.515
-77.521,5.516
-77.52,5.518
-77.519,5.518
-77.518,5.52
-77.517,5.52
-77.515,5.521
-77.514,5.522
-77.513,5.524
-77.511,5.527
-77.511,5.528
-77.51,5.531
-77.509,5.534
-77.509,5.535
-77.509,5.537
-77.509,5.539
-77.509,5.541
-77.509,5.543
-77.509,5.544
-77.509,5.547
-77.509,5.548
-77.509,5.55
-77.507,5.554
-77.507,5.555
-77.507,5.557
-77.506,5.56
-77.507,5.564
-77.507,5.566
-77.507,5.568
-77.506,5.573
-77.505,5.575
-77.505,5.577
-77.504,5.58
-77.503,5.583
-77.503,5.585
-77.502,5.589
-77.501,5.592
-77.5,5.596
-77.498,5.598
-77.496,5.601
-77.495,5.603
-77.493,5.606
-77.492,5.608
-77.491,5.608
-77.489,5.61
-77.487,5.609
-77.485,5.607
-77.484,5.606
-77.482,5.604
-77.482,5.604
-77.479,5.602
-77.477,5.601
-77.475,5.6
-77.474,5.599
-77.47,5.598
-77.466,5.597
-77.464,5.597
-77.462,5.597
-77.46,5.599
-77.459,5.6
-77.457,5.601
-77.454,5.602
-77.452,5.603
-77.449,5.604
-77.449,5.604
-77.447,5.606
-77.446,5.606
-77.444,5.607
-77.442,5.608
-77.441,5.609
-77.438,5.611
-77.436,5.612
-77.434,5.614
-77.433,5.615
-77.43,5.619
-77.429,5.621
-77.428,5.621
-77.424,5.624
-77.422,5.624
-77.42,5.625
-77.419,5.625
-77.417,5.626
-77.414,5.627
-77.411,5.628
-77.408,5.63
-77.405,5.63
-77.402,5.63
-77.4,5.629
-77.398,5.629
-77.393,5.628
-77.391,5.628
-77.389,5.626
-77.386,5.625
-77.385,5.624
-77.384,5.623
-77.383,5.621
-77.382,5.619
-77.381,5.617
-77.38,5.615
-77.378,5.614
-77.377,5.613
-77.375,5.612
-77.374,5.611
-77.373,5.61
-77.371,5.61
-77.367,5.61
-77.364,5.611
-77.363,5.611
-77.361,5.611
-77.359,5.611
-77.358,5.611
-77.356,5.611
-77.354,5.612
-77.351,5.613
-77.349,5.614
-77.347,5.615
-77.345,5.617
-77.343,5.618
-77.341,5.619
-77.339,5.62
-77.336,5.622
-77.335,5.623
-77.334,5.624
-77.333,5.625
-77.332,5.629
-77.331,5.632
-77.33,5.633
-77.329,5.636
-77.329,5.637
-77.328,5.64
-77.328,5.643
-77.329,5.644
-77.328,5.647
-77.328,5.649
-77.327,5.65
-77.326,5.652
-77.324,5.654
-77.323,5.655
-77.321,5.656
-77.319,5.657
-77.318,5.66
-77.317,5.663
-77.317,5.667
-77.316,5.669
-77.313,5.669
-77.313,5.668
-77.311,5.667
-77.311,5.666
-77.31,5.665
-77.309,5.665
-77.306,5.665
-77.305,5.665
-77.303,5.667
-77.302,5.668
-77.301,5.669
-77.299,5.672
-77.298,5.674
-77.297,5.676
-77.295,5.678
-77.294,5.68
-77.292,5.683
-77.29,5.686
-77.287,5.69
-77.285,5.693
-77.284,5.695
-77.282,5.699
-77.282,5.699
-77.28,5.703
-77.279,5.705
-77.278,5.707
-77.276,5.709
-77.275,5.709
-77.273,5.709
-77.273,5.709
-77.271,5.709
-77.269,5.709
-77.267,5.711
-77.266,5.712
-77.265,5.713
-77.265,5.714
-77.264,5.715
-77.263,5.717
-77.262,5.719
-77.261,5.721
-77.261,5.722
-77.261,5.724
-77.26,5.726
-77.259,5.729
-77.258,5.731
-77.257,5.733
-77.257,5.735
-77.255,5.738
-77.255,5.74
-77.255,5.742
-77.254,5.745
-77.254,5.747
-77.254,5.748
-77.255,5.75
-77.255,5.752
-77.255,5.754
-77.255,5.757
-77.255,5.759
-77.255,5.76
-77.256,5.762
-77.256,5.764
-77.256,5.766
-77.256,5.767
-77.257,5.77
-77.257,5.771
-77.257,5.773
-77.257,5.776
-77.257,5.779
-77.258,5.784
-77.258,5.786
-77.259,5.789
-77.26,5.791
-77.26,5.793
-77.26,5.797
-77.26,5.798
-77.261,5.801
-77.261,5.801
-77.261,5.803
-77.261,5.805
-77.262,5.808
-77.264,5.811
-77.264,5.812
-77.266,5.814
-77.267,5.816
-77.269,5.818
-77.271,5.819
-77.272,5.821
-77.273,5.822
-77.274,5.824
-77.275,5.826
-77.276,5.829
-77.276,5.832
-77.277,5.834
-77.277,5.835
-77.276,5.838
-77.276,5.84
-77.278,5.843
-77.278,5.845
-77.279,5.847
-77.281,5.847
-77.283,5.848
-77.285,5.848
-77.286,5.847
-77.286,5.845
-77.287,5.844
-77.29,5.843
-77.29,5.844
-77.291,5.846
-77.291,5.848
-77.291,5.851
-77.292,5.853
-77.293,5.856
-77.295,5.859
-77.295,5.861
-77.296,5.863
-77.297,5.865
-77.298,5.869
-77.298,5.872
-77.299,5.874
-77.3,5.875
-77.303,5.874
-77.303,5.874
-77.305,5.878
-77.305,5.881
-77.306,5.884
-77.306,5.886
-77.306,5.888
-77.307,5.891
-77.307,5.894
-77.307,5.895
-77.309,5.898
-77.31,5.901
-77.311,5.903
-77.311,5.908
-77.311,5.913
-77.309,5.916
-77.308,5.918
-77.309,5.919
-77.31,5.921
-77.311,5.923
-77.311,5.924
-77.313,5.927
-77.313,5.928
-77.314,5.93
-77.315,5.933
-77.316,5.935
-77.317,5.937
-77.318,5.937
-77.322,5.939
-77.322,5.94
-77.322,5.944
-77.321,5.943
-77.32,5.945
-77.32,5.948
-77.32,5.949
-77.322,5.952
-77.323,5.955
-77.325,5.958
-77.326,5.96
-77.327,5.962
-77.327,5.965
-77.327,5.967
-77.328,5.969
-77.329,5.97
-77.329,5.971
-77.33,5.973
-77.33,5.976
-77.331,5.979
-77.332,5.981
-77.332,5.984
-77.333,5.985
-77.333,5.987
-77.335,5.991
-77.335,5.992
-77.336,5.994
-77.337,5.995
-77.339,5.998
-77.34,5.998
-77.344,5.999
-77.346,5.999
-77.348,5.998
-77.35,5.998
-77.353,5.997
-77.355,5.997
-77.357,5.997
-77.359,5.998
-77.361,6.001
-77.364,6.001
-77.365,6.003
-77.367,6.004
-77.367,6.006
-77.367,6.009
-77.367,6.01
-77.368,6.013
-77.369,6.016
-77.37,6.019
-77.371,6.024
-77.372,6.027
-77.372,6.03
-77.373,6.033
-77.373,6.034
-77.374,6.039
-77.376,6.042
-77.376,6.043
-77.377,6.046
-77.377,6.047
-77.378,6.049
-77.38,6.051
-77.382,6.053
-77.384,6.054
-77.386,6.056
-77.389,6.059
-77.389,6.06
-77.39,6.061
-77.393,6.064
-77.395,6.065
-77.397,6.067
-77.399,6.069
-77.401,6.07
-77.404,6.072
-77.406,6.074
-77.408,6.076
-77.409,6.078
-77.41,6.079
-77.412,6.08
-77.414,6.081
-77.416,6.082
-77.418,6.084
-77.419,6.086
-77.421,6.087
-77.422,6.088
-77.424,6.09
-77.425,6.091
-77.428,6.093
-77.429,6.094
-77.43,6.096
-77.432,6.098
-77.433,6.1
-77.434,6.101
-77.435,6.103
-77.437,6.106
-77.437,6.107
-77.439,6.11
-77.44,6.111
-77.442,6.114
-77.443,6.115
-77.444,6.117
-77.445,6.118
-77.446,6.12
-77.447,6.123
-77.448,6.126
-77.449,6.127
-77.451,6.129
-77.452,6.131
-77.454,6.132
-77.455,6.133
-77.456,6.135
-77.458,6.138
-77.458,6.138
-77.461,6.141
-77.461,6.142
-77.462,6.144
-77.463,6.147
-77.464,6.148
-77.465,6.15
-77.467,6.152
-77.468,6.154
-77.47,6.157
-77.471,6.161
-77.472,6.163
-77.473,6.165
-77.474,6.166
-77.474,6.168
-77.475,6.169
-77.475,6.171
-77.476,6.174
-77.477,6.177
-77.478,6.179
-77.479,6.181
-77.48,6.183
-77.481,6.186
-77.482,6.187
-77.483,6.19
-77.484,6.192
-77.484,6.194
-77.485,6.196
-77.485,6.199
-77.485,6.201
-77.484,6.203
-77.483,6.206
-77.483,6.207
-77.483,6.209
-77.482,6.212
-77.481,6.215
-77.48,6.216
-77.478,6.218
-77.477,6.221
-77.477,6.224
-77.476,6.227
-77.476,6.227
-77.475,6.231
-77.475,6.233
-77.474,6.235
-77.474,6.238
-77.474,6.24
-77.473,6.241
-77.473,6.244
-77.472,6.246
-77.472,6.248
-77.471,6.252
-77.471,6.255
-77.471,6.258
-77.471,6.263
-77.471,6.265
-77.471,6.267
-77.471,6.27
-77.47,6.273
-77.47,6.275
-77.47,6.278
-77.471,6.282
-77.471,6.285
-77.472,6.287
-77.472,6.29
-77.472,6.292
-77.473,6.294
-77.474,6.296
-77.474,6.297
-77.473,6.299
-77.471,6.299
-77.469,6.299
-77.468,6.299
-77.466,6.295
-77.466,6.293
-77.467,6.292
-77.468,6.29
-77.468,6.289
-77.467,6.287
-77.465,6.285
-77.464,6.285
-77.462,6.283
-77.461,6.281
-77.46,6.28
-77.459,6.277
-77.459,6.274
-77.459,6.273
-77.458,6.272
-77.457,6.271
-77.456,6.27
-77.454,6.27
-77.451,6.27
-77.448,6.27
-77.447,6.27
-77.444,6.27
-77.442,6.269
-77.441,6.27
-77.439,6.27
-77.436,6.269
-77.433,6.268
-77.432,6.267
-77.431,6.264
-77.429,6.261
-77.428,6.259
-77.427,6.254
-77.425,6.251
-77.424,6.248
-77.422,6.245
-77.42,6.242
-77.418,6.24
-77.417,6.237
-77.415,6.232
-77.412,6.23
-77.412,6.23
-77.411,6.229
-77.41,6.228
-77.407,6.228
-77.405,6.228
-77.404,6.229
-77.403,6.229
-77.401,6.23
-77.4,6.231
-77.398,6.232
-77.397,6.234
-77.397,6.236
-77.397,6.237
-77.396,6.239
-77.396,6.24
-77.396,6.242
-77.396,6.243
-77.396,6.245
-77.396,6.248
-77.397,6.25
-77.399,6.251
-77.399,6.251
-77.4,6.252
-77.399,6.254
-77.398,6.256
-77.397,6.257
-77.396,6.259
-77.394,6.26
-77.391,6.262
-77.389,6.264
-77.388,6.265
-77.387,6.267
-77.385,6.268
-77.385,6.269
-77.384,6.271
-77.384,6.273
-77.383,6.275
-77.383,6.276
-77.383,6.278
-77.383,6.282
-77.383,6.282
-77.383,6.285
-77.384,6.286
-77.385,6.287
-77.385,6.288
-77.385,6.29
-77.385,6.292
-77.384,6.295
-77.384,6.296
-77.383,6.3
-77.383,6.303
-77.382,6.305
-77.382,6.309
-77.381,6.311
-77.381,6.314
-77.38,6.316
-77.379,6.32
-77.378,6.323
-77.379,6.326
-77.378,6.327
-77.378,6.329
-77.378,6.332
-77.378,6.334
-77.378,6.337
-77.375,6.337
-77.373,6.339
-77.373,6.34
-77.372,6.343
-77.371,6.345
-77.371,6.348
-77.371,6.35
-77.371,6.353
-77.371,6.354
-77.371,6.356
-77.372,6.36
-77.373,6.361
-77.374,6.363
-77.376,6.365
-77.377,6.366
-77.378,6.367
-77.38,6.368
-77.382,6.369
-77.384,6.369
-77.387,6.367
-77.389,6.366
-77.39,6.365
-77.391,6.364
-77.393,6.366
-77.394,6.368
-77.395,6.371
-77.395,6.373
-77.398,6.376
-77.4,6.377
-77.401,6.379
-77.402,6.38
-77.404,6.382
-77.406,6.38
-77.407,6.379
-77.409,6.379
-77.411,6.379
-77.412,6.379
-77.413,6.381
-77.413,6.384
-77.414,6.386
-77.413,6.389
-77.412,6.39
-77.41,6.391
-77.409,6.392
-77.407,6.393
-77.406,6.393
-77.404,6.393
-77.402,6.393
-77.4,6.393
-77.397,6.392
-77.395,6.391
-77.393,6.39
-77.391,6.39
-77.388,6.39
-77.387,6.39
-77.385,6.39
-77.383,6.391
-77.382,6.392
-77.38,6.395
-77.379,6.396
-77.379,6.397
-77.378,6.396
-77.376,6.394
-77.375,6.392
-77.372,6.391
-77.369,6.389
-77.367,6.389
-77.364,6.39
-77.363,6.39
-77.361,6.392
-77.359,6.394
-77.357,6.395
-77.356,6.398
-77.356,6.399
-77.359,6.402
-77.36,6.403
-77.362,6.406
-77.362,6.407
-77.363,6.409
-77.364,6.411
-77.366,6.414
-77.366,6.415
-77.368,6.417
-77.369,6.419
-77.37,6.42
-77.371,6.421
-77.375,6.424
-77.375,6.427
-77.375,6.429
-77.374,6.43
-77.371,6.43
-77.369,6.431
-77.368,6.431
-77.365,6.433
-77.364,6.434
-77.363,6.435
-77.362,6.438
-77.362,6.44
-77.362,6.443
-77.363,6.446
-77.364,6.448
-77.364,6.45
-77.364,6.453
-77.363,6.454
-77.361,6.457
-77.359,6.457
-77.357,6.457
-77.355,6.458
-77.354,6.459
-77.353,6.46
-77.352,6.462
-77.351,6.464
-77.351,6.466
-77.351,6.469
-77.353,6.473
-77.354,6.475
-77.357,6.477
-77.359,6.479
-77.36,6.483
-77.36,6.485
-77.36,6.491
-77.359,6.492
-77.357,6.493
-77.353,6.496
-77.351,6.498
-77.35,6.498
-77.348,6.501
-77.345,6.502
-77.343,6.505
-77.341,6.507
-77.339,6.51
-77.338,6.511
-77.338,6.514
-77.338,6.516
-77.338,6.518
-77.337,6.521
-77.336,6.525
-77.336,6.527
-77.334,6.532
-77.333,6.534
-77.332,6.537
-77.33,6.541
-77.329,6.543
-77.328,6.544
-77.327,6.546
-77.327,6.548
-77.327,6.552
-77.327,6.557
-77.328,6.56
-77.329,6.561
-77.331,6.563
-77.333,6.565
-77.334,6.566
-77.336,6.568
-77.338,6.572
-77.34,6.574
-77.344,6.578
-77.348,6.579
-77.35,6.58
-77.352,6.58
-77.354,6.58
-77.356,6.581
-77.358,6.581
-77.36,6.581
-77.362,6.581
-77.363,6.581
-77.365,6.581
-77.367,6.582
-77.368,6.583
-77.371,6.584
-77.373,6.586
-77.375,6.588
-77.376,6.59
-77.374,6.592
-77.374,6.592
-77.371,6.593
-77.369,6.594
-77.369,6.596
-77.37,6.598
-77.37,6.599
-77.372,6.602
-77.373,6.603
-77.376,6.604
-77.379,6.606
-77.379,6.607
-77.38,6.608
-77.382,6.609
-77.385,6.611
-77.387,6.612
-77.391,6.615
-77.391,6.615
-77.394,6.616
-77.399,6.618
-77.4,6.62
-77.402,6.622
-77.402,6.626
-77.402,6.629
-77.401,6.631
-77.4,6.633
-77.399,6.634
-77.399,6.637
-77.4,6.639
-77.402,6.641
-77.404,6.642
-77.405,6.643
-77.407,6.644
-77.407,6.646
-77.405,6.649
-77.403,6.651
-77.401,6.652
-77.399,6.653
-77.398,6.656
-77.398,6.66
-77.399,6.664
-77.405,6.667
-77.405,6.667
-77.407,6.669
-77.408,6.67
-77.408,6.671
-77.405,6.674
-77.403,6.675
-77.401,6.677
-77.401,6.679
-77.403,6.681
-77.404,6.682
-77.404,6.684
-77.406,6.686
-77.407,6.687
-77.408,6.688
-77.41,6.689
-77.412,6.69
-77.413,6.69
-77.415,6.69
-77.417,6.69
-77.418,6.69
-77.421,6.688
-77.422,6.687
-77.423,6.685
-77.425,6.684
-77.427,6.684
-77.429,6.684
-77.431,6.686
-77.432,6.689
-77.432,6.69
-77.431,6.693
-77.431,6.695
-77.431,6.696
-77.431,6.698
-77.433,6.7
-77.436,6.701
-77.439,6.702
-77.441,6.703
-77.444,6.703
-77.448,6.704
-77.451,6.705
-77.452,6.705
-77.454,6.706
-77.455,6.707
-77.457,6.707
-77.461,6.707
-77.464,6.706
-77.468,6.705
-77.472,6.703
-77.477,6.702
-77.481,6.701
-77.483,6.7
-77.486,6.698
-77.488,6.697
-77.491,6.695
-77.495,6.694
-77.497,6.693
-77.499,6.692
-77.502,6.691
-77.503,6.69
-77.505,6.689
-77.506,6.687
-77.507,6.685
-77.507,6.683
-77.507,6.68
-77.507,6.677
-77.507,6.675
-77.51,6.672
-77.511,6.671
-77.511,6.669
-77.511,6.666
-77.51,6.663
-77.508,6.661
-77.506,6.658
-77.505,6.657
-77.503,6.655
-77.501,6.653
-77.5,6.649
-77.501,6.648
-77.503,6.648
-77.506,6.649
-77.509,6.651
-77.512,6.652
-77.514,6.653
-77.518,6.656
-77.519,6.656
-77.521,6.657
-77.521,6.657
-77.524,6.655
-77.524,6.653
-77.524,6.651
-77.524,6.649
-77.522,6.646
-77.521,6.645
-77.521,6.644
-77.523,6.643
-77.525,6.643
-77.527,6.645
-77.528,6.648
-77.53,6.65
-77.531,6.651
-77.531,6.652
-77.533,6.655
-77.534,6.656
-77.535,6.657
-77.536,6.659
-77.537,6.661
-77.538,6.662
-77.538,6.665
-77.538,6.666
-77.539,6.669
-77.538,6.672
-77.537,6.676
-77.538,6.679
-77.539,6.682
-77.54,6.685
-77.54,6.688
-77.539,6.689
-77.537,6.693
-77.536,6.696
-77.536,6.699
-77.536,6.702
-77.536,6.702
-77.537,6.707
-77.538,6.709
-77.538,6.711
-77.539,6.713
-77.539,6.714
-77.54,6.715
-77.541,6.716
-77.543,6.718
-77.544,6.719
-77.544,6.722
-77.545,6.724
-77.546,6.726
-77.547,6.729
-77.547,6.73
-77.547,6.733
-77.547,6.736
-77.548,6.739
-77.548,6.74
-77.55,6.742
-77.551,6.744
-77.551,6.747
-77.552,6.75
-77.554,6.752
-77.557,6.754
-77.558,6.755
-77.559,6.757
-77.56,6.76
-77.561,6.763
-77.562,6.765
-77.563,6.769
-77.563,6.771
-77.566,6.773
-77.567,6.773
-77.569,6.775
-77.569,6.776
-77.57,6.777
-77.57,6.78
-77.569,6.781
-77.569,6.782
-77.569,6.784
-77.569,6.787
-77.569,6.79
-77.569,6.792
-77.57,6.794
-77.571,6.796
-77.572,6.797
-77.576,6.798
-77.579,6.8
-77.58,6.802
-77.581,6.804
-77.583,6.807
-77.583,6.809
-77.584,6.811
-77.584,6.812
-77.585,6.813
-77.587,6.816
-77.589,6.818
-77.591,6.819
-77.593,6.821
-77.595,6.823
-77.599,6.825
-77.6,6.826
-77.602,6.827
-77.604,6.829
-77.607,6.83
-77.609,6.833
-77.611,6.834
-77.613,6.835
-77.615,6.837
-77.616,6.838
-77.618,6.839
-77.62,6.84
-77.622,6.842
-77.625,6.844
-77.627,6.844
-77.629,6.846
-77.631,6.846
-77.634,6.849
-77.638,6.85
-77.641,6.85
-77.642,6.851
-77.644,6.852
-77.646,6.853
-77.648,6.854
-77.65,6.855
-77.653,6.856
-77.655,6.856
-77.657,6.856
-77.658,6.857
-77.659,6.859
-77.66,6.861
-77.661,6.864
-77.663,6.867
-77.664,6.869
-77.665,6.871
-77.667,6.874
-77.671,6.877
-77.673,6.877
-77.676,6.877
-77.678,6.877
-77.68,6.875
-77.682,6.872
-77.682,6.869
-77.682,6.867
-77.683,6.864
-77.684,6.861
-77.685,6.857
-77.687,6.853
-77.688,6.851
-77.688,6.849
-77.688,6.847
-77.688,6.845
-77.688,6.842
-77.689,6.839
-77.69,6.837
-77.69,6.835
-77.693,6.834
-77.695,6.832
-77.695,6.832
-77.698,6.833
-77.7,6.836
-77.7,6.839
-77.701,6.842
-77.702,6.844
-77.703,6.847
-77.704,6.849
-77.704,6.852
-77.704,6.856
-77.705,6.861
-77.705,6.862
-77.705,6.864
-77.706,6.867
-77.708,6.871
-77.709,6.875
-77.71,6.878
-77.711,6.883
-77.712,6.886
-77.712,6.888
-77.712,6.891
-77.712,6.895
-77.711,6.898
-77.71,6.901
-77.708,6.904
-77.708,6.907
-77.707,6.91
-77.705,6.913
-77.702,6.914
-77.699,6.916
-77.697,6.919
-77.697,6.921
-77.697,6.925
-77.698,6.928
-77.698,6.933
-77.698,6.939
-77.697,6.941
-77.695,6.943
-77.689,6.943
-77.689,6.944
-77.686,6.945
-77.682,6.948
-77.681,6.948
-77.679,6.951
-77.678,6.956
-77.676,6.957
-77.675,6.957
-77.673,6.955
-77.672,6.952
-77.671,6.951
-77.669,6.953
-77.665,6.954
-77.662,6.958
-77.661,6.959
-77.66,6.961
-77.658,6.964
-77.657,6.966
-77.657,6.969
-77.657,6.972
-77.657,6.974
-77.657,6.977
-77.658,6.981
-77.658,6.985
-77.658,6.988
-77.66,6.993
-77.661,6.997
-77.663,6.999
-77.665,7.001
-77.667,7.005
-77.669,7.008
-77.671,7.011
-77.672,7.013
-77.674,7.015
-77.675,7.016
-77.678,7.019
-77.681,7.021
-77.681,7.023
-77.683,7.024
-77.685,7.027
-77.687,7.031
-77.688,7.033
-77.689,7.035
-77.691,7.037
-77.693,7.039
-77.696,7.04
-77.698,7.042
-77.7,7.044
-77.703,7.046
-77.705,7.048
-77.706,7.05
-77.708,7.051
-77.709,7.052
-77.71,7.054
-77.712,7.055
-77.713,7.056
-77.716,7.06
-77.717,7.061
-77.718,7.061
-77.718,7.062
-77.719,7.062
-77.72,7.063
-77.721,7.064
-77.722,7.064
-77.722,7.065
-77.723,7.065
-77.723,7.066
-77.724,7.066
-77.725,7.067
-77.726,7.068
-77.727,7.068
-77.727,7.069
-77.728,7.069
-77.728,7.07
-77.729,7.07
-77.73,7.071
-77.731,7.072
-77.731,7.072
-77.733,7.073
-77.734,7.074
-77.735,7.075
-77.736,7.075
-77.736,7.076
-77.737,7.077
-77.738,7.077
-77.739,7.078
-77.74,7.079
-77.741,7.079
-77.741,7.08
-77.742,7.08
-77.742,7.08
-77.743,7.081
-77.744,7.081
-77.744,7.082
-77.745,7.082
-77.745,7.083
-77.746,7.083
-77.746,7.084
-77.747,7.085
-77.747,7.085
-77.748,7.086
-77.748,7.086
-77.749,7.086
-77.75,7.087
-77.751,7.088
-77.752,7.088
-77.752,7.089
-77.753,7.09
-77.754,7.09
-77.754,7.091
-77.755,7.092
-77.756,7.092
-77.756,7.093
-77.757,7.093
-77.757,7.094
-77.758,7.095
-77.759,7.095
-77.759,7.096
-77.76,7.096
-77.761,7.097
-77.763,7.098
-77.763,7.098
-77.763,7.099
-77.764,7.1
-77.765,7.101
-77.765,7.101
-77.765,7.102
-77.766,7.103
-77.767,7.104
-77.767,7.104
-77.767,7.105
-77.768,7.106
-77.768,7.106
-77.77,7.108
-77.77,7.108
-77.771,7.109
-77.772,7.11
-77.773,7.111
-77.773,7.111
-77.773,7.111
-77.774,7.112
-77.774,7.113
-77.775,7.113
-77.775,7.114
-77.776,7.116
-77.776,7.117
-77.777,7.118
-77.777,7.119
-77.778,7.12
-77.778,7.121
-77.779,7.121
-77.779,7.122
-77.78,7.123
-77.78,7.124
-77.781,7.125
-77.781,7.126
-77.782,7.127
-77.782,7.127
-77.783,7.128
-77.784,7.13
-77.784,7.131
-77.784,7.131
-77.785,7.131
-77.785,7.132
-77.786,7.134
-77.787,7.135
-77.787,7.135
-77.788,7.136
-77.788,7.137
-77.789,7.138
-77.79,7.139
-77.79,7.139
-77.791,7.141
-77.792,7.141
-77.793,7.142
-77.794,7.142
-77.795,7.143
-77.795,7.144
-77.796,7.144
-77.797,7.145
-77.798,7.146
-77.799,7.147
-77.8,7.147
-77.801,7.148
-77.802,7.148
-77.803,7.149
-77.804,7.149
-77.806,7.149
-77.807,7.149
-77.807,7.149
-77.808,7.149
-77.808,7.148
-77.808,7.147
-77.808,7.147
-77.808,7.146
-77.808,7.146
-77.809,7.146
-77.809,7.146
-77.81,7.147
-77.81,7.148
-77.811,7.148
-77.811,7.149
-77.811,7.149
-77.812,7.149
-77.812,7.148
-77.812,7.147
-77.812,7.146
-77.812,7.146
-77.813,7.145
-77.814,7.144
-77.814,7.144
-77.815,7.144
-77.815,7.144
-77.816,7.145
-77.816,7.145
-77.816,7.147
-77.816,7.147
-77.816,7.148
-77.816,7.149
-77.816,7.149
-77.817,7.149
-77.818,7.149
-77.818,7.148
-77.819,7.148
-77.819,7.147
-77.819,7.147
-77.82,7.147
-77.822,7.147
-77.822,7.147
-77.823,7.148
-77.823,7.148
-77.823,7.149
-77.824,7.149
-77.824,7.15
-77.825,7.151
-77.825,7.152
-77.826,7.152
-77.826,7.153
-77.827,7.154
-77.828,7.154
-77.829,7.155
-77.829,7.155
-77.83,7.156
-77.83,7.157
-77.83,7.158
-77.831,7.159
-77.832,7.16
-77.831,7.161
-77.83,7.161
-77.83,7.162
-77.83,7.162
-77.83,7.163
-77.83,7.164
-77.831,7.165
-77.831,7.165
-77.833,7.166
-77.833,7.166
-77.834,7.166
-77.835,7.165
-77.836,7.165
-77.836,7.165
-77.836,7.166
-77.837,7.167
-77.837,7.168
-77.837,7.168
-77.837,7.169
-77.836,7.17
-77.836,7.17
-77.836,7.17
-77.835,7.171
-77.835,7.171
-77.836,7.172
-77.836,7.173
-77.837,7.173
-77.837,7.174
-77.837,7.175
-77.837,7.176
-77.837,7.177
-77.837,7.177
-77.837,7.178
-77.837,7.179
-77.838,7.179
-77.839,7.179
-77.839,7.179
-77.84,7.178
-77.841,7.179
-77.841,7.18
-77.841,7.18
-77.842,7.181
-77.842,7.181
-77.842,7.182
-77.842,7.183
-77.843,7.183
-77.843,7.184
-77.844,7.184
-77.845,7.185
-77.846,7.185
-77.847,7.185
-77.848,7.185
-77.849,7.185
-77.85,7.184
-77.851,7.184
-77.851,7.183
-77.852,7.183
-77.852,7.182
-77.853,7.181
-77.853,7.181
-77.854,7.181
-77.855,7.181
-77.855,7.181
-77.856,7.181
-77.856,7.182
-77.856,7.183
-77.855,7.183
-77.854,7.184
-77.854,7.184
-77.854,7.185
-77.854,7.186
-77.854,7.186
-77.854,7.187
-77.855,7.188
-77.855,7.189
-77.855,7.19
-77.855,7.191
-77.854,7.191
-77.854,7.192
-77.854,7.193
-77.854,7.194
-77.854,7.194
-77.855,7.195
-77.855,7.195
-77.857,7.195
-77.857,7.195
-77.858,7.195
-77.859,7.195
-77.859,7.195
-77.86,7.194
-77.86,7.193
-77.861,7.193
-77.862,7.193
-77.863,7.193
-77.864,7.193
-77.865,7.193
-77.865,7.193
-77.866,7.194
-77.867,7.194
-77.867,7.195
-77.867,7.196
-77.866,7.197
-77.865,7.198
-77.865,7.199
-77.865,7.199
-77.866,7.199
-77.866,7.2
-77.867,7.2
-77.867,7.2
-77.866,7.201
-77.865,7.201
-77.865,7.202
-77.865,7.203
-77.866,7.203
-77.866,7.204
-77.867,7.205
-77.867,7.205
-77.867,7.206
-77.867,7.207
-77.868,7.207
-77.869,7.207
-77.869,7.207
-77.87,7.207
-77.872,7.207
-77.873,7.207
-77.874,7.207
-77.874,7.207
-77.875,7.208
-77.875,7.209
-77.875,7.21
-77.874,7.211
-77.874,7.212
-77.874,7.213
-77.874,7.214
-77.874,7.214
-77.875,7.214
-77.876,7.214
-77.875,7.213
-77.876,7.213
-77.877,7.212
-77.877,7.212
-77.878,7.212
-77.879,7.212
-77.879,7.212
-77.88,7.212
-77.88,7.212
-77.881,7.213
-77.881,7.213
-77.881,7.214
-77.881,7.215
-77.8812894198368,7.21528270818417
-77.359,8.646
-76,10
-76,8.5
-74.2251286,8.5
-74.191286,8.592932
-74.197824,8.674015
-74.2009829437,8.712235382
-74.203183,8.740459
-74.197861,8.794565
-74.188906,8.885606
-74.12316,8.97701
-74.091348,9.021235
-74.061199,9.042881
-73.998549,9.08786
-73.966212,9.136366
-73.929422,9.191551
-73.840175,9.206685
-73.77355,9.195264
-73.716443,9.191456
-73.640182,9.186511
-73.597323,9.184529
-73.541315,9.181939
-73.529795,9.154485
-73.510167,9.087187
-73.496483,9.040271
-73.490095,8.987042
-73.482206,8.921298
-73.469713,8.870781
-73.455581,8.813639
-73.437942,8.742318
-73.412141,8.639617
-73.389407,8.550102
-73.3602,8.5
-71.70,8.5
-71.70,7.00
-71.70,3.747
-73.000,2.145
-74.797,-0.17
-78.450,0.237
